Frame, Time (ms), Delta (ms) , Memory (mb)
    1, 0.000, 0.000,3062
    2,50.357,50.357,3963
    3,111.863,61.506,3963
    4,169.933,58.070,3963
    5,223.841,53.908,3963
    6,279.796,55.955,3963
    7,332.277,52.481,3963
    8,395.561,63.284,3963
    9,449.043,53.482,3963
   10,504.467,55.424,3963
   11,560.496,56.029,3963
   12,623.014,62.518,3963
   13,678.215,55.201,3963
   14,735.446,57.231,3963
   15,790.261,54.815,3963
   16,848.860,58.599,3963
   17,904.269,55.409,3963
   18,960.592,56.323,3963
   19,1018.979,58.387,3963
   20,1074.137,55.158,3963
   21,1128.304,54.167,3963
   22,1184.550,56.246,3963
   23,1242.378,57.828,3963
   24,1298.443,56.065,3963
   25,1351.640,53.197,3963
   26,1411.920,60.280,3963
   27,1468.839,56.919,3963
   28,1524.597,55.758,3963
   29,1581.885,57.288,3963
   30,1632.518,50.633,3963
   31,1686.193,53.675,3963
   32,1745.928,59.735,3963
   33,1799.092,53.164,3963
   34,1857.517,58.425,3963
   35,1909.673,52.156,3963
   36,1971.742,62.069,3963
   37,2026.233,54.491,3963
   38,2080.056,53.823,3963
   39,2137.205,57.149,3963
   40,2189.901,52.696,3963
   41,2247.467,57.566,3965
   42,2303.353,55.886,3965
   43,2359.375,56.022,3965
   44,2415.249,55.874,3965
   45,2467.181,51.932,3965
   46,2524.936,57.755,3965
   47,2577.387,52.451,3965
   48,2635.523,58.136,3965
   49,2687.459,51.936,3965
   50,2744.494,57.035,3965
   51,2801.779,57.285,3965
   52,2854.170,52.391,3965
   53,2905.656,51.486,3965
   54,2959.026,53.370,3965
   55,3010.960,51.934,3965
   56,3065.685,54.725,3965
   57,3119.261,53.576,3965
   58,3177.422,58.161,3965
   59,3228.162,50.740,3965
   60,3283.914,55.752,3965
   61,3336.408,52.494,3963
   62,3391.173,54.765,3963
   63,3445.263,54.090,3963
   64,3503.334,58.071,3963
   65,3556.162,52.828,3963
   66,3607.456,51.294,3963
   67,3661.704,54.248,3963
   68,3715.853,54.149,3963
   69,3768.827,52.974,3963
   70,3826.092,57.265,3963
   71,3878.561,52.469,3963
   72,3933.473,54.912,3963
   73,3989.155,55.682,3963
   74,4046.379,57.224,3963
   75,4101.312,54.933,3963
   76,4156.895,55.583,3963
   77,4209.950,53.055,3963
   78,4261.759,51.809,3963
   79,4316.439,54.680,3963
   80,4370.993,54.554,3963
   81,4423.018,52.025,3963
   82,4479.252,56.234,3963
   83,4529.145,49.893,3963
   84,4585.609,56.464,3963
   85,4638.276,52.667,3963
   86,4691.314,53.038,3963
   87,4743.624,52.310,3963
   88,4799.414,55.790,3963
   89,4848.768,49.354,3963
   90,4904.355,55.587,3963
   91,4958.900,54.545,3963
   92,5012.976,54.076,3963
   93,5063.530,50.554,3963
   94,5117.532,54.002,3963
   95,5172.201,54.669,3963
   96,5226.576,54.375,3963
   97,5276.461,49.885,3963
   98,5331.110,54.649,3963
   99,5381.461,50.351,3963
  100,5437.834,56.373,3963
  101,5488.968,51.134,3963
  102,5548.531,59.563,3963
  103,5599.292,50.761,3963
  104,5654.047,54.755,3963
  105,5707.804,53.757,3963
  106,5760.669,52.865,3963
  107,5813.846,53.177,3963
  108,5870.193,56.347,3963
  109,5923.365,53.172,3963
  110,5977.238,53.873,3963
  111,6030.364,53.126,3963
  112,6082.534,52.170,3963
  113,6136.153,53.619,3963
  114,6195.180,59.027,3963
  115,6248.638,53.458,3963
  116,6305.120,56.482,3963
  117,6355.482,50.362,3963
  118,6408.283,52.801,3963
  119,6462.449,54.166,3963
  120,6517.156,54.707,3963
  121,6568.272,51.116,3963
  122,6623.479,55.207,3963
  123,6673.392,49.913,3963
  124,6730.513,57.121,3963
  125,6781.885,51.372,3963
  126,6838.395,56.509,3963
  127,6889.444,51.050,3963
  128,6944.311,54.866,3963
  129,6997.482,53.172,3963
  130,7054.929,57.447,3963
  131,7104.697,49.768,3963
  132,7159.224,54.527,3963
  133,7213.241,54.017,3963
  134,7267.542,54.300,3963
  135,7318.114,50.573,3963
  136,7375.993,57.879,3963
  137,7425.515,49.522,3963
  138,7484.917,59.402,3963
  139,7536.251,51.334,3963
  140,7591.857,55.606,3963
  141,7643.298,51.441,3963
  142,7701.299,58.001,3963
  143,7752.255,50.956,3963
  144,7808.678,56.423,3963
  145,7860.086,51.408,3963
  146,7914.021,53.935,3963
  147,7969.371,55.349,3963
  148,8025.085,55.715,3963
  149,8078.007,52.922,3963
  150,8134.975,56.967,3963
  151,8187.379,52.405,3963
  152,8244.725,57.345,3963
  153,8294.891,50.166,3963
  154,8351.816,56.926,3963
  155,8406.691,54.875,3963
  156,8461.944,55.253,3963
  157,8519.375,57.431,3963
  158,8578.728,59.352,3963
  159,8628.036,49.309,3963
  160,8687.172,59.135,3963
  161,8737.400,50.229,3963
  162,8794.051,56.650,3963
  163,8849.968,55.917,3963
  164,8907.381,57.413,3963
  165,8957.448,50.068,3963
  166,9019.526,62.078,3963
  167,9071.857,52.331,3963
  168,9127.867,56.010,3963
  169,9183.058,55.190,3963
  170,9238.791,55.734,3963
  171,9291.151,52.360,3963
  172,9348.115,56.964,3963
  173,9401.307,53.191,3963
  174,9463.546,62.239,3963
  175,9517.058,53.512,3963
  176,9574.600,57.542,3965
  177,9627.947,53.348,3965
  178,9687.950,60.003,3965
  179,9743.844,55.893,3965
  180,9799.164,55.321,3965
  181,9854.545,55.380,3965
  182,9914.419,59.874,3965
  183,9969.762,55.343,3965
  184,10025.673,55.911,3965
  185,10080.976,55.303,3965
  186,10142.333,61.358,3965
  187,10193.873,51.540,3967
  188,10254.021,60.147,3967
  189,10311.222,57.201,3969
  190,10368.553,57.331,3967
  191,10425.892,57.339,3967
  192,10482.227,56.335,3967
  193,10537.479,55.253,3967
  194,10598.421,60.941,3967
  195,10652.771,54.351,3969
  196,10714.767,61.995,3969
  197,10774.830,60.064,3969
  198,10834.813,59.982,3969
  199,10886.808,51.995,3969
  200,10945.872,59.065,3969
  201,11005.623,59.751,3969
  202,11068.821,63.198,3969
  203,11124.642,55.820,3969
  204,11190.669,66.027,3969
  205,11247.053,56.384,3969
  206,11305.912,58.860,3969
  207,11364.591,58.678,3969
  208,11419.891,55.300,3969
  209,11476.856,56.966,3969
  210,11543.510,66.653,3969
  211,11601.067,57.558,3969
  212,11666.330,65.263,3969
  213,11721.571,55.241,3969
  214,11776.760,55.188,3969
  215,11837.075,60.316,3969
  216,11901.570,64.495,3969
  217,11957.270,55.699,3969
  218,12021.943,64.674,3969
  219,12079.611,57.668,3969
  220,12140.692,61.081,3969
  221,12197.856,57.164,3969
  222,12262.219,64.362,3969
  223,12318.451,56.233,3969
  224,12381.986,63.535,3969
  225,12437.908,55.922,3969
  226,12500.629,62.720,3971
  227,12560.035,59.407,3971
  228,12621.447,61.412,3971
  229,12679.176,57.728,3971
  230,12743.687,64.511,3971
  231,12796.434,52.747,3971
  232,12863.588,67.154,3971
  233,12922.456,58.868,3971
  234,12982.313,59.858,3971
  235,13040.165,57.851,3971
  236,13104.241,64.077,3971
  237,13156.859,52.618,3971
  238,13222.374,65.514,3971
  239,13280.257,57.883,3971
  240,13344.314,64.058,3971
  241,13397.768,53.453,3971
  242,13465.622,67.854,3971
  243,13515.961,50.339,3971
  244,13582.553,66.592,3971
  245,13639.224,56.671,3971
  246,13700.171,60.947,3971
  247,13755.541,55.370,3971
  248,13825.056,69.515,3971
  249,13877.713,52.657,3971
  250,13948.199,70.487,3971
  251,14006.361,58.162,3971
  252,14068.483,62.122,3971
  253,14120.867,52.384,3971
  254,14189.483,68.616,3971
  255,14248.471,58.987,3971
  256,14308.256,59.785,3971
  257,14364.642,56.386,3971
  258,14430.887,66.245,3971
  259,14483.379,52.492,3971
  260,14551.786,68.407,3971
  261,14612.894,61.108,3971
  262,14678.832,65.938,3971
  263,14739.106,60.275,3971
  264,14801.912,62.805,3971
  265,14862.302,60.390,3971
  266,14923.258,60.956,3971
  267,14985.620,62.362,3971
  268,15054.029,68.410,3971
  269,15111.335,57.305,3971
  270,15175.170,63.835,3971
  271,15237.288,62.118,3971
  272,15301.557,64.269,3971
  273,15354.578,53.021,3971
  274,15421.780,67.203,3971
  275,15478.983,57.203,3971
  276,15540.480,61.497,3971
  277,15602.141,61.660,3971
  278,15668.426,66.285,3971
  279,15727.730,59.305,3971
  280,15795.553,67.822,3971
  281,15848.886,53.333,3971
  282,15911.884,62.998,3971
  283,15973.125,61.241,3971
  284,16035.189,62.065,3971
  285,16097.122,61.932,3971
  286,16157.677,60.555,3971
  287,16218.442,60.766,3971
  288,16278.443,60.001,3971
  289,16336.728,58.284,3971
  290,16401.590,64.862,3971
  291,16458.908,57.319,3971
  292,16519.256,60.348,3971
  293,16580.805,61.548,3969
  294,16638.234,57.429,3969
  295,16697.801,59.567,3969
  296,16759.234,61.433,3969
  297,16815.967,56.733,3969
  298,16877.133,61.166,3969
  299,16935.094,57.959,3969
  300,16990.859,55.767,3969
  301,17046.131,55.272,3969
  302,17113.813,67.683,3969
  303,17169.314,55.501,3969
  304,17229.885,60.571,3969
  305,17285.104,55.217,3969
  306,17347.545,62.443,3969
  307,17404.555,57.009,3969
  308,17464.594,60.037,3969
  309,17525.334,60.743,3969
  310,17586.068,60.735,3969
  311,17638.533,52.462,3969
  312,17698.646,60.115,3969
  313,17756.758,58.111,3969
  314,17816.861,60.102,3969
  315,17870.225,53.366,3969
  316,17929.240,59.015,3969
  317,17991.953,62.713,3969
  318,18047.721,55.767,3969
  319,18104.350,56.628,3969
  320,18163.822,59.474,3969
  321,18216.766,52.941,3969
  322,18279.146,62.383,3969
  323,18335.729,56.581,3969
  324,18400.336,64.608,3969
  325,18453.893,53.558,3969
  326,18515.426,61.530,3969
  327,18568.141,52.716,3969
  328,18627.678,59.536,3969
  329,18678.496,50.821,3969
  330,18741.844,63.346,3969
  331,18791.762,49.917,3965
  332,18853.920,62.160,3965
  333,18906.434,52.512,3965
  334,18959.480,53.049,3965
  335,19017.797,58.315,3965
  336,19078.016,60.219,3965
  337,19127.443,49.428,3965
  338,19190.488,63.046,3965
  339,19243.496,53.008,3965
  340,19306.084,62.587,3965
  341,19355.094,49.008,3965
  342,19412.283,57.191,3965
  343,19471.389,59.107,3965
  344,19527.973,56.583,3965
  345,19584.725,56.752,3965
  346,19636.533,51.809,3965
  347,19690.283,53.749,3965
  348,19749.988,59.706,3965
  349,19800.961,50.972,3965
  350,19863.680,62.718,3965
  351,19913.580,49.902,3965
  352,19978.131,64.550,3965
  353,20030.877,52.747,3965
  354,20087.523,56.645,3965
  355,20142.182,54.657,3965
  356,20200.137,57.957,3965
  357,20252.510,52.371,3965
  358,20309.688,57.179,3965
  359,20367.740,58.055,3965
  360,20425.047,57.305,3965
  361,20480.133,55.085,3965
  362,20540.477,60.345,3965
  363,20591.580,51.105,3965
  364,20652.174,60.592,3965
  365,20710.363,58.189,3965
  366,20766.197,55.834,3965
  367,20819.865,53.667,3965
  368,20879.113,59.249,3965
  369,20933.061,53.948,3965
  370,20997.910,64.850,3965
  371,21050.926,53.014,3965
  372,21113.828,62.905,3965
  373,21167.189,53.360,3965
  374,21225.801,58.610,3965
  375,21284.086,58.285,3965
  376,21345.721,61.637,3965
  377,21401.402,55.681,3965
  378,21461.154,59.752,3965
  379,21518.002,56.845,3965
  380,21578.605,60.606,3965
  381,21635.820,57.216,3965
  382,21691.373,55.552,3965
  383,21748.527,57.153,3965
  384,21813.414,64.888,3965
  385,21865.146,51.732,3965
  386,21928.145,62.999,3965
  387,21984.316,56.172,3965
  388,22044.021,59.702,3965
  389,22102.770,58.749,3965
  390,22167.760,64.990,3965
  391,22227.262,59.501,3965
  392,22289.527,62.267,3965
  393,22345.980,56.455,3965
  394,22407.186,61.202,3965
  395,22461.949,54.764,3965
  396,22527.775,65.827,3965
  397,22586.711,58.936,3965
  398,22654.125,67.415,3965
  399,22708.729,54.603,3965
  400,22770.367,61.638,3965
  401,22822.043,51.676,3965
  402,22883.963,61.920,3965
  403,22938.395,54.432,3965
  404,22998.297,59.903,3965
  405,23050.553,52.255,3965
  406,23111.010,60.456,3965
  407,23165.068,54.061,3963
  408,23222.527,57.457,3963
  409,23279.873,57.345,3963
  410,23340.836,60.963,3963
  411,23396.799,55.964,3965
  412,23457.010,60.209,3965
  413,23516.693,59.685,3965
  414,23579.918,63.223,3965
  415,23634.041,54.124,3965
  416,23693.773,59.733,3965
  417,23750.348,56.574,3965
  418,23810.949,60.602,3965
  419,23869.801,58.851,3965
  420,23933.068,63.270,3965
  421,23990.098,57.026,3965
  422,24050.605,60.509,3965
  423,24106.916,56.310,3965
  424,24162.299,55.384,3965
  425,24217.625,55.326,3967
  426,24276.189,58.565,3967
  427,24332.838,56.648,3967
  428,24388.109,55.270,3967
  429,24448.406,60.299,3967
  430,24507.703,59.296,3967
  431,24561.553,53.851,3967
  432,24620.064,58.511,3967
  433,24674.313,54.248,3967
  434,24740.373,66.060,3967
  435,24801.123,60.750,3967
  436,24871.570,70.448,3967
  437,24919.938,48.367,3967
  438,24980.160,60.221,3967
  439,25038.443,58.284,3967
  440,25108.205,69.761,3967
  441,25157.449,49.246,3967
  442,25225.129,67.678,3967
  443,25269.967,44.839,3967
  444,25330.063,60.096,3967
  445,25387.234,57.172,3967
  446,25449.193,61.959,3967
  447,25509.029,59.834,3967
  448,25564.313,55.285,3967
  449,25622.242,57.927,3967
  450,25684.004,61.763,3967
  451,25744.029,60.027,3967
  452,25804.572,60.544,3967
  453,25853.137,48.564,3967
  454,25909.381,56.243,3967
  455,25973.568,64.188,3967
  456,26036.525,62.956,3967
  457,26091.191,54.666,3967
  458,26149.910,58.717,3967
  459,26213.836,63.927,3967
  460,26272.693,58.858,3967
  461,26335.418,62.725,3967
  462,26392.885,57.467,3967
  463,26449.885,56.999,3967
  464,26516.475,66.591,3967
  465,26572.568,56.094,3967
  466,26625.658,53.088,3967
  467,26687.432,61.774,3967
  468,26748.633,61.203,3967
  469,26808.648,60.014,3967
  470,26866.236,57.588,3967
  471,26928.547,62.311,3967
  472,26982.709,54.163,3967
  473,27035.957,53.248,3967
  474,27106.830,70.871,3967
  475,27157.414,50.583,3967
  476,27221.379,63.967,3967
  477,27272.000,50.620,3967
  478,27331.109,59.110,3967
  479,27403.389,72.281,3967
  480,27452.014,48.623,3967
  481,27506.590,54.577,3967
  482,27570.119,63.529,3967
  483,27626.830,56.711,3967
  484,27685.148,58.319,3967
  485,27741.914,56.764,3967
  486,27790.502,48.588,3967
  487,27847.762,57.260,3967
  488,27912.793,65.032,3967
  489,27971.426,58.633,3967
  490,28028.906,57.480,3967
  491,28090.057,61.150,3967
  492,28148.564,58.510,3967
  493,28211.617,63.051,3967
  494,28268.754,57.136,3967
  495,28330.947,62.194,3967
  496,28393.018,62.071,3967
  497,28448.705,55.688,3967
  498,28511.922,63.214,3967
  499,28568.785,56.866,3967
  500,28631.721,62.935,3967
  501,28686.244,54.522,3967
  502,28751.162,64.917,3967
  503,28812.191,61.031,3967
  504,28869.162,56.970,3967
  505,28928.574,59.412,3967
  506,28991.186,62.612,3967
  507,29049.629,58.443,3967
  508,29108.461,58.834,3967
  509,29167.010,58.548,3967
  510,29224.844,57.833,3967
  511,29280.656,55.812,3967
  512,29345.162,64.505,3967
  513,29405.459,60.299,3967
  514,29465.461,60.003,3967
  515,29524.281,58.818,3967
  516,29584.641,60.362,3967
  517,29643.262,58.618,3967
  518,29702.174,58.912,3967
  519,29761.766,59.592,3967
  520,29823.607,61.843,3967
  521,29876.619,53.012,3967
  522,29938.510,61.889,3967
  523,29996.857,58.348,3967
  524,30058.115,61.259,3967
  525,30120.346,62.230,3967
  526,30185.164,64.818,3967
  527,30248.195,63.032,3967
  528,30306.949,58.754,3967
  529,30366.914,59.963,3967
  530,30424.674,57.760,3967
  531,30485.449,60.776,3967
  532,30552.416,66.967,3967
  533,30609.859,57.444,3967
  534,30675.469,65.609,3967
  535,30729.223,53.755,3967
  536,30793.613,64.391,3967
  537,30854.281,60.667,3967
  538,30919.365,65.084,3967
  539,30980.201,60.836,3967
  540,31042.879,62.678,3967
  541,31094.721,51.843,3967
  542,31156.469,61.746,3967
  543,31221.824,65.355,3967
  544,31281.041,59.219,3967
  545,31341.334,60.290,3967
  546,31399.209,57.878,3967
  547,31458.555,59.345,3967
  548,31520.656,62.100,3967
  549,31582.273,61.617,3967
  550,31640.566,58.294,3967
  551,31701.869,61.303,3967
  552,31762.334,60.465,3967
  553,31820.811,58.477,3967
  554,31879.885,59.073,3967
  555,31943.473,63.588,3967
  556,32002.174,58.702,3967
  557,32065.629,63.456,3967
  558,32123.545,57.916,3967
  559,32182.506,58.960,3967
  560,32249.789,67.282,3967
  561,32308.820,59.031,3967
  562,32371.686,62.866,3967
  563,32432.191,60.506,3967
  564,32488.609,56.417,3967
  565,32552.574,63.965,3967
  566,32610.563,57.989,3967
  567,32676.277,65.715,3967
  568,32732.541,56.263,3967
  569,32790.730,58.189,3967
  570,32853.887,63.157,3967
  571,32913.766,59.879,3967
  572,32983.566,69.802,3967
  573,33041.844,58.276,3967
  574,33105.398,63.556,3967
  575,33158.418,53.018,3967
  576,33223.176,64.758,3967
  577,33284.984,61.809,3967
  578,33350.109,65.123,3967
  579,33404.910,54.801,3967
  580,33473.098,68.188,3967
  581,33536.547,63.450,3967
  582,33596.609,60.063,3967
  583,33658.168,61.562,3967
  584,33717.531,59.356,3967
  585,33776.637,59.110,3967
  586,33840.910,64.273,3967
  587,33898.730,57.819,3967
  588,33963.102,64.371,3967
  589,34015.480,52.382,3967
  590,34079.363,63.881,3967
  591,34138.602,59.236,3967
  592,34195.215,56.614,3967
  593,34256.031,60.817,3967
  594,34316.004,59.975,3967
  595,34371.969,55.964,3967
  596,34433.445,61.477,3967
  597,34495.266,61.818,3967
  598,34553.102,57.836,3967
  599,34614.004,60.904,3967
  600,34678.949,64.945,3967
  601,34737.543,58.592,3967
  602,34795.750,58.207,3967
  603,34853.219,57.467,3967
  604,34918.762,65.545,3967
  605,34977.156,58.397,3967
  606,35038.297,61.140,3967
  607,35098.570,60.274,3967
  608,35158.582,60.009,3967
  609,35220.645,62.066,3967
  610,35276.063,55.415,3967
  611,35338.816,62.757,3967
  612,35398.023,59.204,3967
  613,35460.074,62.050,3967
  614,35514.961,54.887,3967
  615,35580.121,65.162,3967
  616,35643.219,63.095,3967
  617,35701.707,58.489,3967
  618,35765.281,63.574,3967
  619,35821.641,56.363,3967
  620,35884.547,62.902,3967
  621,35941.152,56.608,3967
  622,36004.152,63.003,3967
  623,36069.695,65.539,3967
  624,36132.113,62.419,3967
  625,36189.277,57.164,3967
  626,36252.738,63.458,3967
  627,36310.613,57.878,3967
  628,36377.531,66.917,3967
  629,36438.586,61.053,3967
  630,36510.418,71.835,3967
  631,36558.074,47.655,3967
  632,36624.934,66.861,3967
  633,36678.688,53.751,3967
  634,36746.852,68.163,3967
  635,36804.320,57.473,3967
  636,36871.336,67.014,3967
  637,36931.098,59.761,3967
  638,36996.090,64.994,3967
  639,37050.148,54.060,3967
  640,37114.160,64.013,3967
  641,37179.129,64.968,3967
  642,37238.590,59.458,3967
  643,37302.672,64.083,3967
  644,37366.461,63.788,3967
  645,37425.543,59.082,3967
  646,37491.793,66.250,3967
  647,37550.047,58.253,3967
  648,37618.551,68.504,3967
  649,37675.547,56.994,3967
  650,37740.457,64.915,3965
  651,37801.742,61.282,3965
  652,37863.547,61.803,3965
  653,37926.184,62.637,3965
  654,37994.590,68.410,3965
  655,38051.703,57.110,3965
  656,38112.371,60.670,3965
  657,38175.090,62.721,3965
  658,38239.391,64.298,3965
  659,38299.844,60.454,3965
  660,38369.922,70.077,3965
  661,38425.051,55.127,3965
  662,38495.770,70.723,3965
  663,38554.855,59.084,3965
  664,38614.402,59.545,3965
  665,38681.969,67.569,3965
  666,38744.707,62.737,3965
  667,38801.785,57.082,3965
  668,38873.270,71.482,3965
  669,38932.078,58.808,3965
  670,38995.246,63.169,3965
  671,39063.352,68.102,3965
  672,39121.996,58.650,3965
  673,39185.043,63.042,3965
  674,39255.539,70.499,3965
  675,39319.559,64.017,3965
  676,39399.000,79.446,3965
  677,39465.512,66.508,3965
  678,39522.816,57.308,3965
  679,39602.434,79.617,3965
  680,39661.875,59.440,3965
  681,39738.270,76.395,3965
  682,39791.953,53.685,3965
  683,39863.355,71.400,3965
  684,39917.387,54.031,3965
  685,39985.754,68.368,3965
  686,40048.586,62.831,3965
  687,40118.750,70.164,3965
  688,40181.289,62.541,3965
  689,40239.012,57.721,3965
  690,40313.066,74.052,3965
  691,40378.984,65.921,3965
  692,40452.930,73.943,3999
  693,40504.996,52.069,4000
  694,40543.145,38.151,4000
  695,40611.938,68.792,3998
  696,40670.164,58.225,3999
  697,40718.582,48.416,4000
  698,40773.266,54.685,4000
  699,40824.379,51.111,4000
  700,40873.203,48.824,3998
  701,40921.781,48.582,3995
  702,40970.105,48.324,3995
  703,41020.090,49.982,3996
  704,41065.930,45.841,3995
  705,41113.250,47.322,3997
  706,41163.883,50.629,3999
  707,41210.941,47.062,3999
  708,41255.125,44.183,3999
  709,41319.816,64.693,4000
  710,41366.695,46.876,4000
  711,41408.625,41.930,4000
  712,41491.676,83.049,4000
  713,41542.730,51.054,4000
  714,41608.516,65.787,4000
  715,41678.727,70.210,3999
  716,41738.125,59.400,3999
  717,41769.355,31.230,3998
  718,41800.582,31.228,3998
  719,41849.578,48.993,3999
  720,41896.773,47.198,3999
  721,41951.551,54.775,3999
  722,41992.305,40.759,3999
  723,42060.363,68.052,3999
  724,42107.285,46.925,3999
  725,42172.824,65.539,3999
  726,42237.223,64.398,3999
  727,42281.488,44.268,3999
  728,42332.730,51.238,3999
  729,42380.328,47.602,3995
  730,42436.660,56.333,3996
  731,42485.371,48.706,3994
  732,42533.199,47.830,3994
  733,42591.777,58.578,3995
  734,42660.793,69.015,3995
  735,42751.801,91.009,3995
  736,42789.469,37.670,3996
  737,42866.133,76.664,3997
  738,42930.086,63.951,3998
  739,42981.871,51.784,3998
  740,43055.531,73.659,3999
  741,43092.156,36.630,3999
  742,43152.008,59.847,3999
  743,43181.762,29.755,3999
  744,43219.125,37.364,3999
  745,43276.828,57.706,3999
  746,43325.246,48.415,3999
  747,43371.188,45.941,3999
  748,43432.641,61.454,3998
  749,43491.438,58.796,3999
  750,43542.945,51.510,3999
  751,43637.180,94.232,3999
  752,43703.102,65.923,3999
  753,43760.824,57.723,3999
  754,43832.605,71.782,3999
  755,43898.020,65.413,3999
  756,43968.691,70.670,3999
  757,44004.176,35.484,3999
  758,44046.191,42.016,3999
  759,44077.648,31.458,3999
  760,44123.777,46.130,3999
  761,44169.914,46.134,3999
  762,44234.191,64.277,3999
  763,44279.145,44.957,3999
  764,44336.242,57.094,3999
  765,44388.184,51.941,3999
  766,44441.727,53.545,3999
  767,44499.762,58.036,3999
  768,44551.035,51.273,3999
  769,44603.668,52.630,3999
  770,44664.102,60.438,3999
  771,44722.281,58.180,3999
  772,44776.273,53.993,3999
  773,44822.992,46.718,3999
  774,44874.637,51.645,3999
  775,44933.801,59.164,3999
  776,44985.816,52.016,3999
  777,45067.500,81.679,3998
  778,45121.203,53.706,3998
  779,45179.668,58.462,3999
  780,45224.688,45.020,3998
  781,45305.809,81.125,3998
  782,45360.387,54.577,3999
  783,45390.344,29.954,3999
  784,45450.699,60.354,3999
  785,45504.832,54.134,3999
  786,45565.227,60.397,3999
  787,45612.258,47.033,3999
  788,45674.711,62.451,3999
  789,45726.512,51.799,3999
  790,45779.809,53.300,3999
  791,45854.879,75.068,3998
  792,45909.105,54.228,3999
  793,45966.621,57.517,3999
  794,46023.094,56.470,3999
  795,46074.633,51.542,3999
  796,46130.379,55.743,3999
  797,46189.457,59.082,3999
  798,46243.953,54.493,3999
  799,46296.879,52.926,3999
  800,46353.082,56.201,3999
  801,46399.293,46.213,3997
  802,46458.934,59.642,3997
  803,46513.453,54.520,3999
  804,46568.172,54.715,3999
  805,46624.082,55.910,3999
  806,46692.332,68.251,3993
  807,46761.074,68.744,3998
  808,46830.691,69.617,3997
  809,46891.199,60.506,3998
  810,46942.594,51.395,3998
  811,47005.535,62.940,3998
  812,47064.070,58.537,3988
  813,47121.191,57.119,3987
  814,47180.695,59.505,3991
  815,47240.348,59.650,3993
  816,47290.840,50.495,3992
  817,47352.672,61.832,3994
  818,47408.000,55.327,3996
  819,47464.352,56.352,3995
  820,47520.820,56.472,3993
  821,47580.121,59.299,3985
  822,47632.563,52.443,3982
  823,47695.555,62.988,3976
  824,47749.516,53.961,3982
  825,47808.273,58.759,3988
  826,47864.004,55.731,3995
  827,47918.082,54.078,3995
  828,47983.563,65.481,3998
  829,48050.309,66.749,3998
  830,48110.172,59.857,3998
  831,48163.211,53.040,3998
  832,48240.699,77.491,3998
  833,48294.023,53.323,3998
  834,48353.621,59.601,3998
  835,48410.238,56.614,3998
  836,48468.676,58.438,3998
  837,48529.059,60.381,3998
  838,48587.563,58.508,3998
  839,48649.402,61.839,3998
  840,48708.871,59.467,3998
  841,48762.656,53.785,3998
  842,48816.246,53.591,3998
  843,48905.852,89.602,3998
  844,48931.207,25.357,3998
  845,48989.766,58.560,3998
  846,49047.520,57.752,3998
  847,49183.414,135.897,3998
  848,49203.020,19.606,3998
  849,49221.289,18.272,3998
  850,49275.730,54.436,3995
  851,49345.844,70.115,3989
  852,49401.398,55.556,3986
  853,49458.277,56.879,3982
  854,49513.730,55.451,3973
  855,49568.730,55.002,3971
  856,49622.176,53.442,3970
  857,49681.676,59.503,3971
  858,49738.332,56.654,3957
  859,49800.281,61.951,3955
  860,49851.512,51.228,3955
  861,49909.453,57.944,3955
  862,49964.602,55.148,3955
  863,50019.191,54.589,3955
  864,50078.043,58.850,3955
  865,50131.762,53.722,3955
  866,50185.926,54.164,3955
  867,50241.547,55.618,3955
  868,50298.543,56.999,3955
  869,50352.160,53.614,3955
  870,50407.465,55.307,3935
  871,50462.906,55.444,3917
  872,50515.543,52.635,3886
  873,50575.906,60.364,3831
  874,50630.195,54.287,3740
  875,50690.883,60.689,3655
  876,50759.453,68.572,3566
  877,50799.004,39.545,3571
  878,50860.293,61.295,3579
  879,50913.344,53.047,3587
  880,50970.875,57.531,3584
  881,51030.039,59.164,3584
  882,51086.914,56.878,3584
  883,51152.691,65.776,3577
  884,51202.602,49.913,3578
  885,51260.156,57.549,3577
  886,51312.527,52.374,3577
  887,51379.027,66.501,3575
  888,51428.371,49.341,3577
  889,51486.676,58.307,3577
  890,51548.090,61.413,3577
  891,51595.512,47.420,3579
  892,51650.707,55.198,3574
  893,51712.684,61.975,3574
  894,51772.020,59.334,3573
  895,51821.969,49.956,3571
  896,51878.809,56.839,3571
  897,51932.305,53.494,3574
  898,52007.512,75.204,3574
  899,52056.898,49.387,3573
  900,52111.438,54.541,3551
  901,52164.898,53.461,3549
  902,52221.070,56.173,3551
  903,52286.715,65.645,3551
  904,52333.191,46.475,3541
  905,52390.828,57.637,3539
  906,52444.262,53.435,3533
  907,52497.023,52.759,3533
  908,52552.906,55.883,3534
  909,52611.207,58.302,3533
  910,52664.508,53.301,3530
  911,52722.520,58.010,3540
  912,52773.520,50.999,3533
  913,52832.449,58.931,3523
  914,52886.316,53.868,3522
  915,52933.000,46.681,3512
  916,52992.203,59.205,3512
  917,53043.961,51.760,3511
  918,53102.316,58.354,3507
  919,53156.777,54.462,3505
  920,53213.688,56.909,3500
  921,53272.855,59.167,3494
  922,53319.203,46.346,3492
  923,53371.434,52.232,3491
  924,53431.113,59.684,3490
  925,53484.211,53.096,3493
  926,53537.434,53.221,3492
  927,53597.129,59.698,3492
  928,53646.082,48.952,3492
  929,53705.754,59.672,3487
  930,53755.625,49.873,3490
  931,53813.887,58.259,3494
  932,53870.879,56.990,3496
  933,53921.227,50.347,3498
  934,53978.996,57.768,3497
  935,54035.273,56.283,3500
  936,54084.633,49.357,3500
  937,54144.875,60.244,3500
  938,54199.555,54.680,3494
  939,54252.871,53.314,3491
  940,54315.691,62.821,3484
  941,54361.617,45.925,3482
  942,54414.164,52.545,3483
  943,54473.551,59.389,3481
  944,54535.730,62.178,3473
  945,54578.934,43.206,3473
  946,54637.891,58.957,3473
  947,54690.340,52.446,3473
  948,54748.191,57.854,3471
  949,54802.223,54.032,3471
  950,54856.363,54.138,3470
  951,54917.473,61.113,3473
  952,54968.891,51.416,3475
  953,55020.113,51.224,3475
  954,55075.770,55.657,3479
  955,55133.586,57.814,3481
  956,55181.883,48.298,3484
  957,55241.703,59.819,3492
  958,55299.180,57.475,3495
  959,55353.863,54.685,3495
  960,55404.840,50.975,3495
  961,55463.500,58.660,3495
  962,55514.207,50.710,3494
  963,55571.914,57.707,3494
  964,55619.289,47.374,3494
  965,55672.156,52.865,3494
  966,55731.266,59.112,3495
  967,55785.316,54.047,3494
  968,55839.402,54.090,3494
  969,55892.734,53.331,3494
  970,55943.184,50.448,3494
  971,55999.043,55.861,3495
  972,56053.742,54.700,3495
  973,56109.566,55.825,3497
  974,56170.441,60.877,3498
  975,56217.223,46.777,3500
  976,56272.855,55.634,3504
  977,56323.793,50.940,3508
  978,56371.418,47.623,3512
  979,56430.020,58.598,3519
  980,56487.980,57.963,3521
  981,56536.941,48.964,3524
  982,56590.480,53.534,3524
  983,56644.785,54.310,3533
  984,56695.734,50.947,3534
  985,56749.926,54.193,3533
  986,56803.859,53.931,3533
  987,56856.051,52.192,3532
  988,56909.051,52.999,3531
  989,56964.133,55.084,3530
  990,57023.285,59.153,3532
  991,57072.883,49.596,3534
  992,57124.316,51.430,3534
  993,57182.012,57.696,3534
  994,57241.625,59.618,3537
  995,57304.910,63.283,3540
  996,57345.816,40.905,3542
  997,57405.496,59.680,3543
  998,57455.250,49.757,3545
  999,57521.191,65.940,3547
 1000,57558.219,37.028,3547
 1001,57614.484,56.264,3550
 1002,57669.848,55.364,3553
 1003,57729.277,59.431,3553
 1004,57781.398,52.119,3560
 1005,57832.660,51.262,3563
 1006,57890.039,57.380,3564
 1007,57942.789,52.751,3567
 1008,57999.703,56.911,3564
 1009,58060.684,60.979,3561
 1010,58121.367,60.686,3553
 1011,58180.059,58.693,3561
 1012,58274.203,94.143,3568
 1013,58347.309,73.102,3576
 1014,58425.902,78.598,3585
 1015,58496.035,70.133,3593
 1016,58551.980,55.943,3601
 1017,58633.555,81.574,3613
 1018,58688.602,55.048,3621
 1019,58785.945,97.344,3629
 1020,58857.250,71.306,3640
 1021,58955.477,98.225,3644
 1022,59023.063,67.587,3652
 1023,59077.746,54.685,3660
 1024,59142.684,64.937,3664
 1025,59199.309,56.624,3666
 1026,59238.660,39.348,3667
 1027,59303.758,65.102,3667
 1028,59350.695,46.937,3667
 1029,59409.473,58.776,3668
 1030,59458.762,49.293,3668
 1031,59528.141,69.372,3668
 1032,59577.617,49.481,3668
 1033,59631.309,53.688,3668
 1034,59705.039,73.734,3668
 1035,59746.152,41.112,3668
 1036,59797.195,51.044,3666
 1037,59857.141,59.945,3667
 1038,59912.707,55.565,3662
 1039,60037.637,124.927,3665
 1040,60081.488,43.855,3668
 1041,60127.148,45.661,3668
 1042,60192.246,65.099,3668
 1043,60243.754,51.505,3668
 1044,60305.805,62.050,3668
 1045,60358.566,52.765,3668
 1046,60414.098,55.532,3668
 1047,60469.066,54.966,3666
 1048,60516.281,47.215,3667
 1049,60576.492,60.212,3668
 1050,60813.145,236.651,3666
 1051,60870.148,57.001,3667
 1052,60928.027,57.881,3668
 1053,60962.914,34.889,3668
 1054,61028.840,65.923,3666
 1055,61078.578,49.740,3669
 1056,61126.430,47.854,3669
 1057,61189.832,63.400,3669
 1058,61249.672,59.838,3669
 1059,61301.230,51.562,3669
 1060,61353.926,52.696,3667
 1061,61412.293,58.368,3667
 1062,61458.625,46.331,3667
 1063,61523.480,64.852,3667
 1064,61572.781,49.304,3667
 1065,61636.188,63.405,3667
 1066,61688.480,52.291,3667
 1067,61741.586,53.107,3671
 1068,61796.637,55.051,3671
 1069,61859.867,63.230,3671
 1070,61904.813,44.944,3671
 1071,61952.168,47.356,3673
 1072,62021.238,69.072,3673
 1073,62075.707,54.467,3673
 1074,62130.242,54.537,3672
 1075,62193.516,63.271,3672
 1076,62290.508,96.995,3671
 1077,62476.715,186.207,3671
 1078,62553.250,76.537,3671
 1079,62611.828,58.576,3671
 1080,62706.098,94.272,3671
 1081,62770.922,64.821,3671
 1082,62803.930,33.008,3669
 1083,63054.906,250.978,3579
 1084,63110.113,55.205,3587
 1085,63157.242,47.130,3595
 1086,63214.711,57.467,3604
 1087,63311.066,96.356,3608
 1088,63384.090,73.026,3616
 1089,63466.359,82.267,3624
 1090,63519.012,52.652,3633
 1091,63591.594,72.586,3641
 1092,63655.738,64.142,3649
 1093,63720.840,65.099,3657
 1094,63802.320,81.480,3662
 1095,63855.691,53.375,3659
 1096,63935.137,79.441,3651
 1097,63994.129,58.994,3651
 1098,64052.051,57.924,3660
 1099,64100.973,48.921,3662
 1100,64170.570,69.600,3661
 1101,64229.539,58.968,3658
 1102,64294.332,64.789,3657
 1103,64342.477,48.144,3661
 1104,64401.316,58.840,3664
 1105,64466.949,65.638,3666
 1106,64516.828,49.874,3667
 1107,64581.387,64.563,3667
 1108,64626.516,45.128,3667
 1109,64688.820,62.304,3667
 1110,64743.453,54.633,3667
 1111,64802.645,59.188,3667
 1112,64862.574,59.932,3667
 1113,64917.188,54.615,3668
 1114,64973.332,56.143,3668
 1115,65030.945,57.616,3669
 1116,65089.055,58.107,3669
 1117,65166.695,77.640,3670
 1118,65197.445,30.751,3670
 1119,65254.617,57.171,3671
 1120,65316.629,62.009,3672
 1121,65369.109,52.485,3673
 1122,65428.582,59.472,3674
 1123,65482.836,54.252,3674
 1124,65542.984,60.152,3676
 1125,65592.461,49.476,3677
 1126,65661.203,68.741,3678
 1127,65714.867,53.664,3678
 1128,65766.023,51.160,3678
 1129,65827.469,61.444,3679
 1130,65877.891,50.415,3680
 1131,65930.953,53.066,3680
 1132,65991.039,60.087,3681
 1133,66047.102,56.063,3681
 1134,66102.180,55.075,3681
 1135,66251.844,149.667,3681
 1136,66338.234,86.390,3681
 1137,66393.281,55.047,3681
 1138,66455.180,61.896,3681
 1139,66509.289,54.111,3681
 1140,66559.523,50.235,3681
 1141,66640.648,81.125,3681
 1142,66696.211,55.562,3681
 1143,66747.836,51.622,3681
 1144,66791.555,43.723,3681
 1145,66890.570,99.011,3681
 1146,66933.594,43.029,3681
 1147,66988.852,55.260,3681
 1148,67036.398,47.540,3681
 1149,67063.648,27.251,3681
 1150,67086.500,22.852,3681
 1151,67139.484,52.987,3681
 1152,67194.422,54.934,3681
 1153,67253.242,58.823,3681
 1154,67307.766,54.521,3681
 1155,67362.125,54.357,3681
 1156,67416.531,54.413,3681
 1157,67473.734,57.201,3681
 1158,67536.625,62.891,3681
 1159,67585.992,49.368,3681
 1160,67642.180,56.186,3681
 1161,67698.836,56.658,3681
 1162,67754.969,56.132,3681
 1163,67806.711,51.739,3681
 1164,67861.500,54.792,3681
 1165,67919.141,57.638,3681
 1166,67971.359,52.226,3688
 1167,68028.992,57.632,3688
 1168,68080.094,51.094,3692
 1169,68136.789,56.693,3693
 1170,68195.281,58.502,3697
 1171,68246.109,50.819,3698
 1172,68305.953,59.848,3699
 1173,68361.859,55.903,3700
 1174,68419.953,58.097,3701
 1175,68469.547,49.594,3702
 1176,68529.430,59.883,3703
 1177,68587.594,58.166,3705
 1178,68644.609,57.019,3709
 1179,68694.625,50.011,3711
 1180,68742.586,47.961,3713
 1181,68800.375,57.780,3714
 1182,68858.547,58.178,3714
 1183,68912.594,54.054,3715
 1184,68974.828,62.227,3715
 1185,69015.492,40.662,3718
 1186,69069.648,54.160,3720
 1187,69121.547,51.902,3722
 1188,69173.289,51.741,3729
 1189,69223.563,50.270,3730
 1190,69277.102,53.538,3730
 1191,69333.891,56.788,3730
 1192,69392.398,58.509,3733
 1193,69435.063,42.661,3734
 1194,69495.320,60.267,3751
 1195,69560.102,64.775,3751
 1196,69632.477,72.375,3752
 1197,69676.938,44.463,3753
 1198,69709.328,32.392,3754
 1199,69764.023,54.699,3754
 1200,69810.508,46.477,3755
 1201,69876.602,66.096,3756
 1202,69941.805,65.202,3757
 1203,69996.344,54.543,3758
 1204,70027.000,30.659,3758
 1205,70084.945,57.946,3759
 1206,70132.398,47.446,3759
 1207,70193.828,61.427,3762
 1208,70246.711,52.883,3763
 1209,70291.344,44.638,3770
 1210,70350.883,59.534,3770
 1211,70406.352,55.478,3773
 1212,70458.875,52.517,3775
 1213,70507.609,48.736,3776
 1214,70563.586,55.975,3776
 1215,70612.617,49.032,3776
 1216,70676.664,64.053,3776
 1217,70718.070,41.401,3778
 1218,70783.922,65.853,3779
 1219,70836.438,52.507,3780
 1220,70887.922,51.495,3781
 1221,70935.938,48.016,3783
 1222,70989.070,53.125,3784
 1223,71040.055,50.982,3785
 1224,71093.703,53.646,3786
 1225,71150.156,56.457,3790
 1226,71203.664,53.518,3800
 1227,71257.734,54.059,3808
 1228,71312.563,54.834,3816
 1229,71382.289,69.727,3823
 1230,71452.914,70.623,3823
 1231,71525.094,72.182,3824
 1232,71586.500,61.402,3824
 1233,71656.773,70.275,3825
 1234,71709.648,52.878,3831
 1235,71773.703,64.052,3836
 1236,71842.148,68.443,3840
 1237,71945.813,103.664,3841
 1238,71993.625,47.818,3845
 1239,72071.711,78.080,3846
 1240,72147.070,75.362,3851
 1241,72208.438,61.367,3859
 1242,72260.703,52.265,3859
 1243,72330.875,70.172,3865
 1244,72402.797,71.922,3870
 1245,72465.656,62.863,3877
 1246,72493.383,27.717,3882
 1247,72548.977,55.605,3888
 1248,72741.414,192.434,3892
 1249,72802.109,60.695,3891
 1250,72861.477,59.367,3897
 1251,72946.672,85.196,3895
 1252,73001.727,55.051,3910
 1253,73041.695,39.969,3915
 1254,73092.781,51.088,3915
 1255,73146.977,54.200,3919
 1256,73218.977,71.997,3923
 1257,73259.414,40.431,3939
 1258,73329.078,69.667,3935
 1259,73378.938,49.866,3936
 1260,73441.586,62.646,3937
 1261,73488.375,46.780,3931
 1262,73596.586,108.220,3932
 1263,73662.367,65.778,3932
 1264,73734.758,72.388,3939
 1265,73851.578,116.829,3935
 1266,73912.000,60.425,3936
 1267,73968.680,56.677,3938
 1268,74025.859,57.177,3937
 1269,74085.109,59.247,3937
 1270,74138.422,53.307,3944
 1271,74195.867,57.453,3943
 1272,74262.523,66.652,3944
 1273,74310.008,47.489,3943
 1274,74372.078,62.067,3936
 1275,74428.656,56.586,3937
 1276,74487.570,58.912,3936
 1277,74541.219,53.647,3937
 1278,74600.727,59.502,3937
 1279,74651.305,50.584,3937
 1280,74732.930,81.623,3938
 1281,74790.047,57.111,3939
 1282,74857.602,67.560,3939
 1283,74915.109,57.507,3941
 1284,74978.180,63.075,3944
 1285,75042.227,64.046,3945
 1286,75109.203,66.975,3948
 1287,75161.945,52.743,3950
 1288,75219.211,57.267,3950
 1289,75281.984,62.774,3956
 1290,75348.875,66.889,3962
 1291,75399.891,51.016,3962
 1292,75488.609,88.715,3962
 1293,75528.344,39.741,3958
 1294,75571.094,42.746,3957
 1295,75640.711,69.611,3962
 1296,75698.422,57.715,3968
 1297,75751.703,53.281,3971
 1298,75806.258,54.556,3973
 1299,75856.852,50.596,3973
 1300,75910.383,53.527,3973
 1301,75959.977,49.599,3972
 1302,76021.695,61.710,3972
 1303,76075.820,54.130,3973
 1304,76138.836,63.017,3974
 1305,76194.156,55.318,3980
 1306,76242.070,47.911,3982
 1307,76300.945,58.881,3985
 1308,76356.438,55.486,3986
 1309,76423.242,66.811,3985
 1310,76474.867,51.619,3982
 1311,76522.805,47.940,3995
 1312,76557.000,34.199,3993
 1313,76606.617,49.619,3994
 1314,76666.742,60.122,3991
 1315,76715.781,49.034,3988
 1316,76777.258,61.483,3988
 1317,76834.219,56.956,3988
 1318,76885.641,51.424,3988
 1319,76935.453,49.809,3987
 1320,76992.320,56.876,3986
 1321,77049.797,57.472,3989
 1322,77098.711,48.913,3987
 1323,77151.078,52.367,3987
 1324,77206.258,55.186,3987
 1325,77257.430,51.160,3985
 1326,77315.570,58.151,3985
 1327,77365.367,49.788,3985
 1328,77417.367,51.998,3985
 1329,77472.328,54.969,3985
 1330,77524.414,52.082,3984
 1331,77573.375,48.957,3984
 1332,77627.750,54.375,3985
 1333,77679.227,51.486,3985
 1334,77733.734,54.502,3985
 1335,77786.266,52.537,3986
 1336,77836.844,50.577,3985
 1337,77889.477,52.631,3985
 1338,77939.102,49.624,3987
 1339,77993.922,54.819,3986
 1340,78045.445,51.528,3986
 1341,78101.516,56.067,3986
 1342,78156.195,54.681,3984
 1343,78212.328,56.137,3984
 1344,78266.430,54.096,3984
 1345,78322.742,56.313,3985
 1346,78375.125,52.385,3985
 1347,78425.086,49.959,3985
 1348,78473.836,48.749,3986
 1349,78534.398,60.563,3987
 1350,78587.367,52.964,3987
 1351,78635.688,48.325,3987
 1352,78685.938,50.253,3987
 1353,78742.664,56.727,3984
 1354,78796.305,53.638,3984
 1355,78888.391,92.079,3981
 1356,78908.156,19.769,3982
 1357,78965.031,56.872,3978
 1358,79015.031,50.002,3979
 1359,79064.789,49.761,3977
 1360,79122.828,58.041,3973
 1361,79173.633,50.805,3973
 1362,79224.664,51.033,3973
 1363,79279.148,54.478,3973
 1364,79335.711,56.564,3973
 1365,79389.945,54.239,3973
 1366,79448.523,58.573,3973
 1367,79502.055,53.529,3972
 1368,79553.875,51.827,3973
 1369,79609.391,55.514,3973
 1370,79655.656,46.266,3973
 1371,79709.695,54.035,3973
 1372,79762.391,52.692,3973
 1373,79813.055,50.671,3972
 1374,79861.828,48.771,3972
 1375,79917.133,55.308,3972
 1376,79968.422,51.288,3972
 1377,80018.055,49.628,3972
 1378,80072.648,54.603,3972
 1379,80126.375,53.716,3972
 1380,80180.766,54.394,3973
 1381,80228.813,48.049,3973
 1382,80281.797,52.983,3971
 1383,80326.070,44.275,3968
 1384,80376.727,50.652,3959
 1385,80428.313,51.595,3948
 1386,80479.492,51.177,3939
 1387,80528.578,49.088,3939
 1388,80578.891,50.313,3939
 1389,80629.211,50.315,3939
 1390,80680.148,50.935,3939
 1391,80716.516,36.370,3658
 1392,80758.789,42.270,3660
 1393,80798.047,39.262,3659
 1394,80843.422,45.373,3660
 1395,80879.336,35.921,3664
 1396,80916.922,37.584,3666
 1397,80957.953,41.030,3668
 1398,80993.500,35.546,3668
 1399,81030.742,37.237,3668
 1400,81069.508,38.773,3668
 1401,81106.953,37.448,3668
 1402,81144.188,37.228,3668
 1403,81181.703,37.513,3668
 1404,81220.227,38.526,3668
 1405,81258.156,37.929,3668
 1406,81296.117,37.964,3668
 1407,81334.586,38.469,3668
 1408,81373.914,39.325,3668
 1409,81411.867,37.957,3668
 1410,81449.734,37.866,3668
 1411,81489.063,39.321,3668
 1412,81527.352,38.289,3668
 1413,81564.695,37.342,3668
 1414,81602.203,37.514,3668
 1415,81639.844,37.646,3668
 1416,81679.055,39.205,3668
 1417,81715.789,36.737,3668
 1418,81754.656,38.867,3668
 1419,81791.469,36.812,3668
 1420,81831.828,40.362,3668
 1421,81867.914,36.086,3668
 1422,81906.406,38.487,3668
 1423,81944.391,37.984,3668
 1424,81982.836,38.451,3668
 1425,82019.984,37.145,3668
 1426,82059.461,39.480,3668
 1427,82097.359,37.892,3668
 1428,82136.750,39.393,3668
 1429,82173.844,37.093,3668
 1430,82213.578,39.735,3668
 1431,82250.164,36.583,3668
 1432,82288.484,38.327,3668
 1433,82327.070,38.584,3668
 1434,82366.117,39.045,3668
 1435,82404.180,38.068,3668
 1436,82443.172,38.984,3668
 1437,82483.219,40.054,3668
 1438,82519.227,36.007,3668
 1439,82557.930,38.700,3668
 1440,82596.281,38.353,3668
 1441,82635.438,39.153,3668
 1442,82674.859,39.427,3668
 1443,82713.492,38.629,3668
 1444,82751.836,38.342,3668
 1445,82790.539,38.708,3668
 1446,82828.906,38.365,3668
 1447,82867.961,39.061,3668
 1448,82907.414,39.447,3668
 1449,82945.734,38.315,3668
 1450,82982.344,36.608,3668
 1451,83021.539,39.199,3668
 1452,83059.961,38.429,3668
 1453,83097.461,37.498,3668
 1454,83135.570,38.105,3668
 1455,83173.313,37.752,3668
 1456,83211.430,38.105,3668
 1457,83249.453,38.024,3668
 1458,83289.094,39.646,3668
 1459,83327.094,38.001,3668
 1460,83366.039,38.942,3668
 1461,83404.398,38.355,3668
 1462,83443.398,39.006,3668
 1463,83483.156,39.756,3668
 1464,83522.914,39.763,3668
 1465,83561.609,38.695,3668
 1466,83600.953,39.345,3668
 1467,83640.117,39.157,3668
 1468,83679.281,39.170,3668
 1469,83718.195,38.911,3668
 1470,83758.492,40.294,3668
 1471,83797.008,38.516,3668
 1472,83836.836,39.826,3668
 1473,83876.227,39.396,3668
 1474,83915.602,39.375,3668
 1475,83955.258,39.659,3668
 1476,83994.711,39.446,3668
 1477,84034.297,39.590,3668
 1478,84070.750,36.447,3668
 1479,84110.031,39.280,3668
 1480,84148.141,38.113,3668
 1481,84189.648,41.510,3668
 1482,84225.242,35.599,3668
 1483,84265.031,39.781,3668
 1484,84303.406,38.373,3668
 1485,84341.930,38.530,3668
 1486,84380.578,38.647,3668
 1487,84419.352,38.767,3668
 1488,84458.266,38.920,3668
 1489,84496.859,38.592,3668
 1490,84535.961,39.106,3668
 1491,84574.453,38.485,3668
 1492,84613.313,38.869,3668
 1493,84652.016,38.692,3668
 1494,84691.094,39.085,3668
 1495,84728.578,37.486,3668
 1496,84767.852,39.275,3668
 1497,84806.914,39.062,3668
 1498,84845.414,38.492,3668
 1499,84885.164,39.757,3668
 1500,84923.461,38.295,3668
 1501,84961.969,38.507,3668
 1502,85002.359,40.391,3668
 1503,85039.797,37.433,3668
 1504,85078.656,38.869,3668
 1505,85117.445,38.783,3668
 1506,85156.570,39.127,3668
 1507,85196.734,40.158,3668
 1508,85236.781,40.049,3668
 1509,85277.492,40.714,3668
 1510,85315.859,38.364,3668
 1511,85355.844,39.984,3668
 1512,85395.688,39.847,3668
 1513,85436.063,40.370,3668
 1514,85474.953,38.897,3668
 1515,85515.156,40.206,3668
 1516,85555.102,39.943,3668
 1517,85595.875,40.776,3668
 1518,85634.359,38.478,3668
 1519,85674.234,39.879,3668
 1520,85714.820,40.580,3668
 1521,85754.648,39.833,3668
 1522,85794.789,40.137,3668
 1523,85834.422,39.638,3668
 1524,85874.258,39.838,3668
 1525,85913.508,39.247,3668
 1526,85952.758,39.250,3668
 1527,85991.703,38.943,3668
 1528,86031.594,39.892,3668
 1529,86071.297,39.702,3668
 1530,86110.063,38.767,3668
 1531,86150.117,40.049,3668
 1532,86189.383,39.271,3668
 1533,86227.594,38.216,3668
 1534,86266.711,39.105,3668
 1535,86306.109,39.401,3668
 1536,86345.914,39.811,3668
 1537,86385.547,39.630,3668
 1538,86423.516,37.973,3668
 1539,86462.242,38.722,3668
 1540,86502.391,40.150,3668
 1541,86542.656,40.265,3668
 1542,86580.383,37.721,3668
 1543,86619.516,39.142,3668
 1544,86659.508,39.993,3668
 1545,86699.320,39.815,3668
 1546,86738.883,39.554,3668
 1547,86778.953,40.075,3668
 1548,86817.742,38.786,3668
 1549,86857.805,40.059,3668
 1550,86897.609,39.813,3668
 1551,86936.938,39.328,3668
 1552,86975.930,38.993,3668
 1553,87016.563,40.626,3668
 1554,87055.094,38.527,3668
 1555,87092.969,37.886,3668
 1556,87132.391,39.414,3668
 1557,87170.898,38.509,3668
 1558,87209.875,38.981,3668
 1559,87248.227,38.353,3668
 1560,87288.008,39.774,3668
 1561,87328.164,40.158,3668
 1562,87365.227,37.066,3668
 1563,87405.688,40.454,3668
 1564,87443.648,37.969,3668
 1565,87481.531,37.881,3668
 1566,87519.477,37.943,3668
 1567,87557.344,37.866,3668
 1568,87597.266,39.923,3668
 1569,87635.023,37.752,3668
 1570,87672.969,37.956,3668
 1571,87712.023,39.045,3668
 1572,87750.844,38.829,3668
 1573,87788.633,37.791,3668
 1574,87827.133,38.492,3668
 1575,87865.313,38.182,3668
 1576,87903.844,38.531,3668
 1577,87942.234,38.394,3668
 1578,87979.930,37.695,3668
 1579,88019.688,39.755,3668
 1580,88057.336,37.642,3668
 1581,88095.305,37.978,3668
 1582,88134.227,38.917,3668
 1583,88172.250,38.025,3668
 1584,88211.125,38.879,3668
 1585,88250.117,38.989,3668
 1586,88289.977,39.865,3668
 1587,88327.680,37.692,3668
 1588,88366.094,38.415,3668
 1589,88404.570,38.481,3668
 1590,88443.273,38.709,3668
 1591,88481.586,38.305,3668
 1592,88520.016,38.430,3668
 1593,88558.961,38.949,3668
 1594,88598.500,39.541,3668
 1595,88637.109,38.602,3668
 1596,88676.789,39.684,3668
 1597,88715.523,38.732,3668
 1598,88754.641,39.119,3668
 1599,88791.125,36.484,3668
 1600,88829.805,38.680,3668
 1601,88869.477,39.670,3668
 1602,88907.516,38.040,3668
 1603,88946.242,38.726,3668
 1604,88986.406,40.160,3668
 1605,89023.445,37.039,3668
 1606,89062.313,38.874,3668
 1607,89099.805,37.492,3668
 1608,89138.219,38.411,3668
 1609,89176.773,38.559,3668
 1610,89215.000,38.221,3668
 1611,89255.313,40.319,3668
 1612,89292.055,36.734,3668
 1613,89331.602,39.554,3668
 1614,89369.719,38.110,3668
 1615,89407.930,38.216,3668
 1616,89446.742,38.810,3668
 1617,89486.180,39.441,3668
 1618,89524.219,38.042,3668
 1619,89561.875,37.654,3668
 1620,89602.570,40.698,3668
 1621,89639.688,37.109,3668
 1622,89677.609,37.930,3668
 1623,89716.695,39.080,3668
 1624,89754.883,38.186,3668
 1625,89792.820,37.937,3668
 1626,89832.023,39.199,3668
 1627,89871.438,39.421,3668
 1628,89910.695,39.256,3668
 1629,89948.070,37.378,3668
 1630,89988.391,40.313,3668
 1631,90025.016,36.624,3668
 1632,90064.328,39.319,3668
 1633,90102.484,38.155,3668
 1634,90141.336,38.851,3668
 1635,90180.094,38.756,3668
 1636,90218.094,38.001,3668
 1637,90256.195,38.109,3668
 1638,90294.242,38.047,3668
 1639,90332.125,37.877,3668
 1640,90370.305,38.187,3668
 1641,90408.477,38.167,3668
 1642,90447.492,39.018,3668
 1643,90486.000,38.499,3668
 1644,90523.039,37.042,3668
 1645,90561.586,38.553,3668
 1646,90600.375,38.787,3668
 1647,90636.844,36.468,3668
 1648,90676.031,39.181,3668
 1649,90713.008,36.979,3668
 1650,90750.367,37.360,3668
 1651,90788.273,37.915,3668
 1652,90825.742,37.463,3668
 1653,90863.969,38.233,3668
 1654,90902.492,38.519,3668
 1655,90941.438,38.940,3668
 1656,90981.242,39.809,3668
 1657,91018.930,37.687,3668
 1658,91055.672,36.739,3668
 1659,91094.117,38.449,3668
 1660,91132.016,37.894,3668
 1661,91170.258,38.244,3668
 1662,91208.414,38.158,3668
 1663,91246.820,38.409,3668
 1664,91284.852,38.029,3668
 1665,91321.172,36.319,3668
 1666,91358.648,37.482,3668
 1667,91395.477,36.819,3668
 1668,91434.195,38.724,3668
 1669,91471.672,37.475,3668
 1670,91509.422,37.750,3668
 1671,91546.734,37.309,3668
 1672,91583.250,36.526,3668
 1673,91621.781,38.522,3668
 1674,91658.641,36.865,3668
 1675,91695.813,37.171,3668
 1676,91733.258,37.445,3668
 1677,91770.656,37.391,3668
 1678,91807.219,36.570,3668
 1679,91844.148,36.928,3668
 1680,91882.625,38.481,3668
 1681,91921.219,38.592,3668
 1682,91956.461,35.236,3668
 1683,91992.594,36.141,3668
 1684,92029.227,36.628,3668
 1685,92067.688,38.459,3668
 1686,92104.625,36.939,3668
 1687,92141.961,37.338,3668
 1688,92177.766,35.805,3668
 1689,92214.734,36.966,3668
 1690,92253.867,39.137,3668
 1691,92290.383,36.507,3668
 1692,92325.469,35.094,3668
 1693,92361.461,35.992,3668
 1694,92397.977,36.516,3668
 1695,92436.266,38.292,3668
 1696,92471.539,35.267,3668
 1697,92508.445,36.905,3668
 1698,92544.641,36.203,3668
 1699,92580.586,35.939,3668
 1700,92619.734,39.147,3668
 1701,92653.766,34.032,3668
 1702,92689.625,35.866,3668
 1703,92726.070,36.437,3668
 1704,92763.813,37.746,3668
 1705,92798.266,34.455,3668
 1706,92837.602,39.335,3668
 1707,92870.398,32.792,3668
 1708,92907.797,37.403,3668
 1709,92943.867,36.069,3668
 1710,92980.539,36.671,3668
 1711,93016.961,36.422,3668
 1712,93053.641,36.682,3668
 1713,93089.836,36.191,3668
 1714,93126.063,36.229,3668
 1715,93163.234,37.177,3668
 1716,93200.516,37.274,3668
 1717,93236.688,36.170,3668
 1718,93272.539,35.859,3668
 1719,93309.727,37.180,3668
 1720,93346.813,37.093,3668
 1721,93382.977,36.161,3668
 1722,93418.711,35.735,3668
 1723,93455.461,36.751,3668
 1724,93492.219,36.758,3668
 1725,93528.602,36.381,3668
 1726,93565.078,36.476,3668
 1727,93601.469,36.393,3668
 1728,93637.664,36.188,3668
 1729,93674.414,36.752,3668
 1730,93710.375,35.962,3668
 1731,93747.383,37.008,3668
 1732,93783.383,36.004,3668
 1733,93818.680,35.290,3668
 1734,93854.430,35.752,3668
 1735,93890.086,35.662,3668
 1736,93927.570,37.485,3668
 1737,93964.328,36.755,3668
 1738,94000.180,35.855,3668
 1739,94036.664,36.474,3668
 1740,94072.383,35.723,3668
 1741,94108.617,36.242,3668
 1742,94144.063,35.437,3668
 1743,94180.883,36.823,3668
 1744,94216.703,35.820,3668
 1745,94252.516,35.814,3668
 1746,94288.625,36.115,3668
 1747,94326.297,37.670,3668
 1748,94360.984,34.678,3668
 1749,94399.547,38.566,3668
 1750,94434.461,34.917,3668
 1751,94470.117,35.657,3668
 1752,94505.961,35.847,3668
 1753,94542.219,36.256,3668
 1754,94578.086,35.861,3668
 1755,94615.477,37.397,3668
 1756,94652.453,36.970,3668
 1757,94688.773,36.325,3668
 1758,94725.023,36.245,3668
 1759,94761.109,36.084,3668
 1760,94797.047,35.944,3668
 1761,94833.430,36.383,3668
 1762,94869.586,36.160,3668
 1763,94905.703,36.105,3668
 1764,94942.633,36.939,3668
 1765,94979.172,36.538,3668
 1766,95015.633,36.463,3668
 1767,95052.133,36.495,3668
 1768,95090.359,38.224,3668
 1769,95125.844,35.485,3668
 1770,95161.727,35.884,3668
 1771,95198.031,36.304,3668
 1772,95235.102,37.072,3668
 1773,95270.813,35.709,3668
 1774,95308.563,37.759,3668
 1775,95345.586,37.018,3668
 1776,95381.375,35.784,3668
 1777,95417.805,36.435,3668
 1778,95455.305,37.505,3668
 1779,95493.570,38.263,3668
 1780,95527.906,34.337,3668
 1781,95564.477,36.565,3668
 1782,95601.461,36.987,3668
 1783,95637.633,36.173,3668
 1784,95673.914,36.282,3668
 1785,95711.500,37.585,3668
 1786,95746.555,35.053,3668
 1787,95784.148,37.589,3668
 1788,95820.086,35.942,3668
 1789,95858.266,38.182,3668
 1790,95896.523,38.255,3668
 1791,95934.953,38.432,3668
 1792,95970.336,35.376,3668
 1793,96008.648,38.313,3668
 1794,96045.820,37.173,3668
 1795,96082.789,36.972,3668
 1796,96120.602,37.818,3668
 1797,96159.625,39.019,3668
 1798,96199.398,39.772,3668
 1799,96236.031,36.627,3668
 1800,96273.227,37.206,3668
 1801,96312.055,38.819,3668
 1802,96352.555,40.506,3668
 1803,96389.297,36.748,3668
 1804,96427.797,38.493,3668
 1805,96465.781,37.987,3668
 1806,96502.383,36.593,3668
 1807,96541.523,39.147,3668
 1808,96579.813,38.284,3668
 1809,96617.414,37.606,3668
 1810,96654.398,36.985,3668
 1811,96695.820,41.423,3668
 1812,96732.734,36.909,3668
 1813,96768.180,35.445,3668
 1814,96808.531,40.352,3668
 1815,96845.523,37.000,3668
 1816,96883.047,37.516,3668
 1817,96921.133,38.087,3668
 1818,96960.281,39.155,3668
 1819,97000.133,39.848,3668
 1820,97042.102,41.964,3668
 1821,97079.219,37.126,3668
 1822,97119.258,40.038,3668
 1823,97156.727,37.463,3668
 1824,97196.820,40.093,3668
 1825,97235.859,39.044,3668
 1826,97275.016,39.153,3668
 1827,97314.320,39.301,3668
 1828,97352.625,38.313,3668
 1829,97393.797,41.163,3668
 1830,97437.875,44.083,3668
 1831,97471.039,33.158,3668
 1832,97509.656,38.617,3668
 1833,97550.445,40.797,3668
 1834,97587.258,36.816,3668
 1835,97627.570,40.312,3668
 1836,97666.961,39.390,3668
 1837,97704.742,37.777,3668
 1838,97743.820,39.075,3668
 1839,97782.320,38.500,3668
 1840,97821.836,39.519,3668
 1841,97860.523,38.691,3668
 1842,97901.922,41.396,3668
 1843,97940.211,38.289,3668
 1844,97978.398,38.183,3668
 1845,98019.047,40.651,3668
 1846,98058.805,39.760,3668
 1847,98097.602,38.801,3668
 1848,98136.000,38.386,3668
 1849,98176.617,40.630,3668
 1850,98215.094,38.473,3668
 1851,98252.914,37.817,3668
 1852,98294.898,41.990,3668
 1853,98331.813,36.905,3668
 1854,98371.875,40.064,3668
 1855,98412.188,40.314,3668
 1856,98453.477,41.292,3668
 1857,98491.883,38.408,3668
 1858,98530.289,38.406,3668
 1859,98571.508,41.219,3668
 1860,98611.867,40.360,3668
 1861,98650.891,39.020,3668
 1862,98690.930,40.043,3668
 1863,98732.102,41.162,3668
 1864,98770.133,38.040,3668
 1865,98812.930,42.800,3668
 1866,98853.086,40.148,3668
 1867,98893.422,40.334,3668
 1868,98934.320,40.898,3668
 1869,98974.695,40.377,3668
 1870,99014.688,39.993,3668
 1871,99055.727,41.039,3668
 1872,99096.664,40.935,3668
 1873,99135.250,38.591,3668
 1874,99176.281,41.031,3668
 1875,99216.961,40.679,3668
 1876,99258.133,41.173,3668
 1877,99298.242,40.111,3668
 1878,99338.898,40.651,3668
 1879,99378.898,40.008,3668
 1880,99420.648,41.744,3668
 1881,99460.977,40.322,3668
 1882,99501.508,40.540,3668
 1883,99541.922,40.413,3668
 1884,99584.055,42.132,3668
 1885,99626.156,42.101,3668
 1886,99666.695,40.535,3668
 1887,99709.375,42.682,3668
 1888,99749.250,39.879,3668
 1889,99792.523,43.274,3668
 1890,99831.953,39.431,3668
 1891,99874.180,42.227,3668
 1892,99916.906,42.721,3668
 1893,99960.422,43.516,3668
 1894,100003.281,42.860,3668
 1895,100046.516,43.238,3668
 1896,100087.977,41.450,3668
 1897,100131.586,43.621,3668
 1898,100173.891,42.304,3668
 1899,100217.102,43.204,3668
 1900,100259.063,41.963,3668
 1901,100303.031,43.969,3668
 1902,100346.164,43.130,3668
 1903,100389.016,42.853,3668
 1904,100432.180,43.170,3668
 1905,100476.453,44.273,3668
 1906,100517.766,41.304,3668
 1907,100561.445,43.683,3668
 1908,100605.773,44.332,3668
 1909,100648.875,43.099,3668
 1910,100692.063,43.183,3668
 1911,100736.563,44.506,3668
 1912,100777.648,41.079,3668
 1913,100821.930,44.288,3668
 1914,100867.117,45.189,3668
 1915,100910.852,43.735,3668
 1916,100956.469,45.610,3668
 1917,101000.234,43.770,3668
 1918,101043.070,42.835,3668
 1919,101088.219,45.150,3668
 1920,101131.695,43.475,3668
 1921,101174.719,43.020,3668
 1922,101221.164,46.451,3668
 1923,101265.305,44.138,3668
 1924,101309.461,44.156,3668
 1925,101354.469,45.009,3668
 1926,101398.680,44.207,3668
 1927,101443.555,44.881,3668
 1928,101487.438,43.882,3668
 1929,101533.414,45.973,3668
 1930,101577.516,44.108,3668
 1931,101622.234,44.714,3668
 1932,101665.203,42.972,3668
 1933,101714.219,49.014,3668
 1934,101757.508,43.287,3668
 1935,101803.328,45.816,3668
 1936,101849.766,46.441,3668
 1937,101893.086,43.321,3668
 1938,101939.852,46.769,3668
 1939,101984.641,44.786,3668
 1940,102029.258,44.621,3668
 1941,102077.352,48.085,3668
 1942,102121.930,44.585,3668
 1943,102170.617,48.691,3668
 1944,102214.758,44.139,3668
 1945,102260.039,45.276,3668
 1946,102303.602,43.570,3668
 1947,102351.195,47.589,3668
 1948,102397.328,46.127,3668
 1949,102447.875,50.558,3668
 1950,102489.156,41.272,3668
 1951,102534.711,45.556,3668
 1952,102580.773,46.063,3668
 1953,102627.227,46.455,3668
 1954,102676.328,49.099,3668
 1955,102722.898,46.576,3668
 1956,102768.867,45.966,3668
 1957,102816.211,47.345,3668
 1958,102861.289,45.083,3668
 1959,102908.563,47.272,3668
 1960,102957.656,49.085,3668
 1961,103004.500,46.852,3668
 1962,103050.625,46.128,3668
 1963,103095.781,45.151,3668
 1964,103143.758,47.975,3668
 1965,103191.891,48.135,3668
 1966,103237.258,45.364,3668
 1967,103284.023,46.766,3668
 1968,103333.914,49.890,3668
 1969,103379.484,45.568,3668
 1970,103426.406,46.923,3668
 1971,103475.508,49.104,3668
 1972,103521.164,45.657,3668
 1973,103569.375,48.206,3668
 1974,103618.188,48.820,3668
 1975,103666.578,48.387,3668
 1976,103714.852,48.275,3668
 1977,103757.633,42.772,3668
 1978,103806.469,48.847,3668
 1979,103857.320,50.842,3668
 1980,103901.953,44.644,3668
 1981,103950.461,48.502,3668
 1982,104000.742,50.278,3668
 1983,104048.258,47.523,3668
 1984,104096.586,48.325,3668
 1985,104146.164,49.582,3668
 1986,104190.375,44.202,3668
 1987,104243.094,52.718,3668
 1988,104290.906,47.820,3668
 1989,104338.438,47.525,3668
 1990,104389.922,51.492,3668
 1991,104440.477,50.548,3668
 1992,104491.219,50.751,3668
 1993,104536.898,45.673,3668
 1994,104604.453,67.552,3668
 1995,104641.141,36.691,3668
 1996,104686.539,45.397,3668
 1997,104736.547,50.014,3668
 1998,104785.305,48.746,3668
 1999,104835.203,49.903,3668
 2000,104885.023,49.819,3668
 2001,104936.711,51.686,3668
 2002,104987.414,50.708,3668
 2003,105038.922,51.514,3668
 2004,105093.266,54.339,3668
 2005,105138.477,45.211,3668
 2006,105186.242,47.771,3668
 2007,105240.039,53.791,3668
 2008,105289.977,49.931,3668
 2009,105338.188,48.216,3668
 2010,105384.805,46.615,3668
 2011,105436.883,52.081,3668
 2012,105484.891,48.007,3668
 2013,105535.992,51.098,3668
 2014,105582.211,46.228,3668
 2015,105634.711,52.494,3668
 2016,105682.016,47.304,3668
 2017,105736.406,54.394,3668
 2018,105788.148,51.744,3668
 2019,105834.867,46.717,3668
 2020,105890.633,55.759,3668
 2021,105939.906,49.281,3668
 2022,105990.422,50.509,3668
 2023,106040.898,50.481,3668
 2024,106093.367,52.468,3668
 2025,106143.430,50.061,3668
 2026,106195.547,52.121,3668
 2027,106244.883,49.332,3668
 2028,106297.648,52.767,3668
 2029,106345.781,48.136,3668
 2030,106398.461,52.680,3668
 2031,106451.180,52.719,3668
 2032,106501.031,49.845,3668
 2033,106550.086,49.059,3668
 2034,106605.430,55.345,3668
 2035,106653.523,48.095,3668
 2036,106704.805,51.274,3668
 2037,106760.141,55.337,3668
 2038,106809.633,49.491,3668
 2039,106860.930,51.307,3668
 2040,106911.008,50.066,3668
 2041,106961.539,50.539,3668
 2042,107012.648,51.100,3668
 2043,107063.148,50.505,3668
 2044,107110.945,47.802,3668
 2045,107162.242,51.301,3668
 2046,107211.484,49.237,3668
 2047,107267.000,55.514,3668
 2048,107316.813,49.812,3668
 2049,107365.109,48.301,3668
 2050,107418.625,53.508,3668
 2051,107470.391,51.764,3668
 2052,107521.102,50.716,3668
 2053,107571.922,50.820,3668
 2054,107623.938,52.018,3668
 2055,107672.148,48.214,3668
 2056,107726.602,54.453,3668
 2057,107780.039,53.428,3668
 2058,107827.805,47.770,3668
 2059,107883.125,55.324,3668
 2060,107932.680,49.552,3668
 2061,107985.328,52.643,3668
 2062,108040.156,54.834,3668
 2063,108090.898,50.746,3668
 2064,108147.352,56.444,3668
 2065,108195.969,48.619,3668
 2066,108249.406,53.441,3668
 2067,108304.570,55.164,3668
 2068,108351.492,46.926,3668
 2069,108403.461,51.965,3668
 2070,108459.539,56.081,3668
 2071,108508.484,48.943,3668
 2072,108563.984,55.497,3668
 2073,108619.367,55.386,3668
 2074,108669.328,49.959,3668
 2075,108718.602,49.276,3668
 2076,108771.875,53.274,3668
 2077,108825.727,53.849,3668
 2078,108880.164,54.436,3668
 2079,108933.258,53.095,3668
 2080,108985.242,51.987,3668
 2081,109038.883,53.643,3668
 2082,109087.797,48.913,3668
 2083,109141.000,53.194,3668
 2084,109195.234,54.241,3668
 2085,109242.977,47.736,3668
 2086,109300.977,58.001,3668
 2087,109348.484,47.513,3668
 2088,109399.063,50.574,3668
 2089,109452.859,53.801,3668
 2090,109509.750,56.887,3668
 2091,109561.789,52.039,3668
 2092,109613.641,51.853,3668
 2093,109666.734,53.090,3668
 2094,109721.398,54.664,3668
 2095,109776.648,55.252,3668
 2096,109825.852,49.206,3668
 2097,109884.508,58.656,3668
 2098,109935.898,51.396,3668
 2099,109991.422,55.517,3668
 2100,110043.000,51.575,3668
 2101,110096.352,53.355,3668
 2102,110153.766,57.418,3668
 2103,110204.805,51.038,3668
 2104,110257.930,53.128,3668
 2105,110314.211,56.275,3668
 2106,110370.711,56.500,3668
 2107,110420.445,49.734,3668
 2108,110477.836,57.392,3668
 2109,110530.688,52.847,3668
 2110,110580.453,49.769,3668
 2111,110635.938,55.485,3668
 2112,110687.977,52.036,3668
 2113,110744.820,56.849,3668
 2114,110799.656,54.832,3668
 2115,110849.555,49.907,3668
 2116,110904.352,54.787,3668
 2117,110961.508,57.165,3668
 2118,111012.828,51.317,3668
 2119,111069.930,57.102,3668
 2120,111124.273,54.343,3668
 2121,111175.469,51.197,3668
 2122,111234.852,59.377,3668
 2123,111286.633,51.777,3668
 2124,111341.063,54.432,3668
 2125,111398.414,57.358,3668
 2126,111452.102,53.683,3668
 2127,111510.656,58.554,3668
 2128,111567.586,56.940,3668
 2129,111623.492,55.898,3668
 2130,111676.055,52.566,3668
 2131,111730.672,54.614,3668
 2132,111788.445,57.776,3668
 2133,111839.656,51.207,3668
 2134,111895.984,56.324,3668
 2135,111951.531,55.555,3668
 2136,112001.734,50.202,3668
 2137,112061.484,59.747,3668
 2138,112112.156,50.677,3668
 2139,112168.242,56.086,3668
 2140,112222.438,54.188,3668
 2141,112276.297,53.858,3668
 2142,112329.875,53.582,3668
 2143,112384.781,54.911,3668
 2144,112443.688,58.904,3668
 2145,112501.445,57.754,3668
 2146,112559.172,57.727,3668
 2147,112613.234,54.066,3668
 2148,112669.352,56.113,3668
 2149,112728.242,58.901,3668
 2150,112788.094,59.847,3668
 2151,112847.305,59.203,3668
 2152,112906.719,59.418,3668
 2153,112960.734,54.015,3668
 2154,113018.195,57.468,3668
 2155,113078.617,60.415,3668
 2156,113136.414,57.795,3668
 2157,113191.438,55.029,3668
 2158,113247.266,55.834,3668
 2159,113305.391,58.116,3668
 2160,113358.180,52.789,3668
 2161,113415.969,57.784,3668
 2162,113480.742,64.775,3668
 2163,113538.648,57.906,3668
 2164,113600.375,61.734,3668
 2165,113660.117,59.743,3668
 2166,113718.406,58.282,3668
 2167,113773.758,55.356,3668
 2168,113834.781,61.024,3668
 2169,113892.359,57.573,3668
 2170,113952.633,60.273,3668
 2171,114014.156,61.528,3668
 2172,114074.852,60.698,3668
 2173,114130.664,55.806,3668
 2174,114191.625,60.958,3668
 2175,114248.164,56.545,3668
 2176,114305.414,57.250,3668
 2177,114365.297,59.878,3668
 2178,114429.047,63.750,3668
 2179,114487.586,58.548,3668
 2180,114550.984,63.392,3668
 2181,114604.914,53.935,3668
 2182,114661.391,56.476,3668
 2183,114721.602,60.214,3668
 2184,114776.023,54.416,3668
 2185,114838.266,62.249,3668
 2186,114896.695,58.425,3668
 2187,114957.406,60.710,3668
 2188,115018.102,60.694,3668
 2189,115074.156,56.060,3668
 2190,115134.461,60.303,3668
 2191,115192.547,58.087,3668
 2192,115256.031,63.482,3668
 2193,115314.281,58.249,3668
 2194,115380.039,65.760,3668
 2195,115440.383,60.342,3668
 2196,115498.516,58.133,3668
 2197,115559.867,61.354,3668
 2198,115618.078,58.210,3668
 2199,115675.328,57.245,3668
 2200,115736.023,60.697,3668
 2201,115793.164,57.140,3668
 2202,115853.359,60.197,3668
 2203,115914.125,60.764,3668
 2204,115978.164,64.044,3668
 2205,116040.094,61.929,3668
 2206,116100.914,60.823,3668
 2207,116156.914,56.001,3668
 2208,116217.133,60.212,3668
 2209,116278.883,61.749,3668
 2210,116340.195,61.314,3668
 2211,116400.133,59.934,3668
 2212,116458.328,58.194,3668
 2213,116521.102,62.777,3668
 2214,116579.188,58.092,3668
 2215,116637.359,58.162,3668
 2216,116698.070,60.714,3668
 2217,116758.367,60.296,3668
 2218,116815.633,57.268,3668
 2219,116880.555,64.924,3668
 2220,116938.109,57.554,3668
 2221,116999.977,61.866,3668
 2222,117055.336,55.356,3668
 2223,117125.625,70.287,3668
 2224,117194.164,68.546,3668
 2225,117242.109,47.944,3668
 2226,117307.734,65.620,3668
 2227,117368.320,60.590,3668
 2228,117428.313,59.990,3668
 2229,117488.898,60.593,3668
 2230,117544.359,55.458,3668
 2231,117604.992,60.626,3668
 2232,117670.547,65.566,3668
 2233,117734.898,64.350,3668
 2234,117791.281,56.378,3668
 2235,117848.555,57.275,3668
 2236,117910.555,61.999,3668
 2237,117978.133,67.575,3668
 2238,118040.672,62.542,3668
 2239,118101.906,61.242,3668
 2240,118157.211,55.297,3668
 2241,118231.453,74.241,3668
 2242,118288.055,56.606,3668
 2243,118348.594,60.541,3668
 2244,118403.758,55.160,3668
 2245,118465.375,61.616,3668
 2246,118532.273,66.897,3668
 2247,118592.570,60.301,3668
 2248,118651.219,58.652,3668
 2249,118718.070,66.848,3668
 2250,118777.891,59.817,3668
 2251,118846.008,68.119,3668
 2252,118904.883,58.877,3668
 2253,118967.086,62.201,3668
 2254,119029.719,62.630,3668
 2255,119094.781,65.064,3668
 2256,119154.891,60.110,3668
 2257,119217.586,62.703,3668
 2258,119278.367,60.774,3668
 2259,119343.227,64.862,3668
 2260,119406.633,63.396,3668
 2261,119476.570,69.945,3668
 2262,119533.273,56.702,3668
 2263,119598.367,65.093,3668
 2264,119660.938,62.569,3668
 2265,119724.867,63.933,3668
 2266,119792.547,67.684,3668
 2267,119860.961,68.408,3668
 2268,119919.367,58.402,3668
 2269,119979.664,60.299,3668
 2270,120054.961,75.296,3668
 2271,120109.570,54.613,3668
 2272,120182.492,72.927,3668
 2273,120233.453,50.960,3668
 2274,120297.898,64.445,3668
 2275,120362.883,64.985,3668
 2276,120428.523,65.636,3668
 2277,120497.086,68.563,3668
 2278,120563.063,65.975,3668
 2279,120638.742,75.681,3668
 2280,120701.266,62.518,3668
 2281,120768.180,66.925,3668
 2282,120836.102,67.915,3668
 2283,120904.469,68.372,3668
 2284,120966.188,61.721,3668
 2285,121028.984,62.789,3668
 2286,121101.109,72.130,3668
 2287,121165.031,63.917,3668
 2288,121234.727,69.698,3668
 2289,121299.063,64.333,3668
 2290,121369.883,70.826,3668
 2291,121432.492,62.606,3668
 2292,121494.102,61.606,3668
 2293,121556.961,62.857,3668
 2294,121629.336,72.375,3668
 2295,121697.523,68.194,3668
 2296,121761.352,63.830,3668
 2297,121827.234,65.884,3668
 2298,121898.195,70.961,3668
 2299,121968.281,70.075,3668
 2300,122028.547,60.280,3668
 2301,122097.289,68.730,3668
 2302,122168.055,70.774,3668
 2303,122232.719,64.663,3668
 2304,122297.313,64.587,3668
 2305,122364.805,67.497,3668
 2306,122429.523,64.725,3668
 2307,122496.680,67.150,3668
 2308,122561.977,65.294,3668
 2309,122636.563,74.591,3668
 2310,122697.695,61.130,3668
 2311,122772.367,74.669,3668
 2312,122837.242,64.882,3668
 2313,122906.203,68.957,3668
 2314,122979.102,72.900,3668
 2315,123054.117,75.014,3668
 2316,123121.320,67.198,3668
 2317,123186.164,64.849,3668
 2318,123255.352,69.182,3668
 2319,123328.961,73.615,3668
 2320,123385.305,56.339,3668
 2321,123458.648,73.342,3668
 2322,123526.156,67.514,3668
 2323,123597.703,71.547,3668
 2324,123663.859,66.157,3668
 2325,123734.867,71.007,3668
 2326,123797.438,62.572,3668
 2327,123866.508,69.074,3668
 2328,123930.773,64.264,3668
 2329,124001.445,70.667,3668
 2330,124067.172,65.730,3668
 2331,124138.094,70.923,3668
 2332,124197.969,59.872,3668
 2333,124268.172,70.206,3668
 2334,124338.320,70.145,3668
 2335,124403.758,65.437,3668
 2336,124467.508,63.750,3668
 2337,124532.141,64.633,3668
 2338,124598.141,66.005,3668
 2339,124665.594,67.441,3668
 2340,124727.898,62.318,3668
 2341,124798.031,70.123,3668
 2342,124864.781,66.756,3668
 2343,124930.523,65.742,3668
 2344,125002.055,71.530,3668
 2345,125064.742,62.684,3668
 2346,125127.258,62.516,3668
 2347,125196.672,69.414,3668
 2348,125263.703,67.037,3668
 2349,125331.016,67.310,3668
 2350,125398.008,66.993,3668
 2351,125461.391,63.380,3668
 2352,125531.453,70.062,3668
 2353,125588.602,57.147,3668
 2354,125656.070,67.474,3668
 2355,125720.531,64.463,3668
 2356,125785.328,64.794,3668
 2357,125845.672,60.339,3668
 2358,125911.961,66.294,3668
 2359,125978.125,66.161,3668
 2360,126038.367,60.240,3668
 2361,126109.242,70.880,3668
 2362,126173.148,63.909,3668
 2363,126238.289,65.136,3668
 2364,126308.906,70.623,3668
 2365,126373.859,64.947,3668
 2366,126438.195,64.339,3668
 2367,126497.633,59.431,3668
 2368,126563.656,66.024,3668
 2369,126631.773,68.120,3668
 2370,126694.969,63.191,3668
 2371,126757.992,63.027,3668
 2372,126821.602,63.607,3668
 2373,126887.227,65.633,3668
 2374,126952.945,65.711,3668
 2375,127015.945,63.004,3668
 2376,127083.523,67.585,3668
 2377,127145.680,62.151,3668
 2378,127211.656,65.973,3668
 2379,127274.813,63.163,3668
 2380,127337.883,63.068,3668
 2381,127403.820,65.939,3668
 2382,127467.500,63.679,3668
 2383,127535.273,67.764,3668
 2384,127591.258,55.984,3668
 2385,127663.672,72.419,3668
 2386,127718.125,54.455,3668
 2387,127782.547,64.422,3668
 2388,127847.523,64.982,3668
 2389,127911.086,63.558,3668
 2390,127975.000,63.908,3668
 2391,128044.297,69.297,3668
 2392,128110.102,65.813,3668
 2393,128169.500,59.395,3668
 2394,128241.398,71.897,3668
 2395,128302.938,61.539,3668
 2396,128367.836,64.900,3668
 2397,128434.125,66.291,3668
 2398,128497.008,62.880,3668
 2399,128561.469,64.461,3668
 2400,128629.594,68.118,3668
 2401,128696.828,67.243,3668
 2402,128759.047,62.213,3668
 2403,128824.094,65.053,3668
 2404,128883.617,59.519,3668
 2405,128950.875,67.262,3668
 2406,129018.891,68.016,3668
 2407,129087.297,68.404,3668
 2408,129151.641,64.339,3668
 2409,129218.336,66.701,3668
 2410,129281.109,62.776,3668
 2411,129347.039,65.928,3668
 2412,129411.289,64.246,3668
 2413,129480.008,68.721,3668
 2414,129541.438,61.434,3668
 2415,129603.680,62.234,3668
 2416,129670.945,67.265,3668
 2417,129740.805,69.868,3668
 2418,129801.898,61.095,3668
 2419,129864.086,62.182,3668
 2420,129928.055,63.965,3668
 2421,129992.281,64.227,3668
 2422,130054.695,62.417,3668
 2423,130120.266,65.570,3668
 2424,130182.750,62.487,3668
 2425,130252.055,69.304,3668
 2426,130321.391,69.337,3668
 2427,130380.125,58.734,3668
 2428,130448.227,68.108,3668
 2429,130511.477,63.245,3668
 2430,130567.867,56.389,3668
 2431,130631.430,63.562,3668
 2432,130696.133,64.703,3668
 2433,130756.781,60.648,3668
 2434,130826.445,69.668,3668
 2435,130887.672,61.217,3668
 2436,130942.367,54.702,3668
 2437,131012.875,70.513,3668
 2438,131071.398,58.517,3668
 2439,131131.688,60.295,3668
 2440,131194.844,63.152,3668
 2441,131249.328,54.478,3668
 2442,131311.703,62.375,3668
 2443,131370.547,58.853,3668
 2444,131434.859,64.299,3668
 2445,131498.063,63.210,3668
 2446,131555.578,57.510,3668
 2447,131619.016,63.449,3668
 2448,131680.516,61.493,3668
 2449,131738.359,57.852,3668
 2450,131803.063,64.697,3668
 2451,131859.938,56.873,3668
 2452,131922.953,63.025,3668
 2453,131988.375,65.424,3668
 2454,132043.969,55.580,3668
 2455,132111.563,67.604,3668
 2456,132172.344,60.781,3668
 2457,132232.031,59.686,3668
 2458,132291.547,59.509,3668
 2459,132354.188,62.650,3668
 2460,132413.766,59.564,3668
 2461,132478.000,64.243,3668
 2462,132533.453,55.454,3668
 2463,132594.875,61.419,3668
 2464,132652.078,57.207,3668
 2465,132714.719,62.635,3668
 2466,132776.109,61.390,3668
 2467,132834.234,58.130,3668
 2468,132900.578,66.336,3668
 2469,132956.297,55.727,3668
 2470,133023.172,66.880,3668
 2471,133080.297,57.125,3668
 2472,133138.594,58.299,3668
 2473,133200.516,61.915,3668
 2474,133259.688,59.173,3668
 2475,133317.625,57.943,3668
 2476,133381.500,63.863,3668
 2477,133443.234,61.738,3668
 2478,133497.359,54.124,3668
 2479,133561.734,64.377,3668
 2480,133623.578,61.849,3668
 2481,133682.531,58.941,3668
 2482,133744.469,61.942,3668
 2483,133802.609,58.140,3668
 2484,133862.938,60.325,3668
 2485,133926.781,63.847,3668
 2486,133987.797,61.008,3668
 2487,134049.719,61.940,3668
 2488,134108.672,58.941,3668
 2489,134172.641,63.970,3668
 2490,134229.266,56.633,3668
 2491,134289.969,60.706,3668
 2492,134351.547,61.558,3668
 2493,134409.172,57.634,3668
 2494,134466.797,57.628,3668
 2495,134525.813,59.015,3668
 2496,134587.422,61.597,3668
 2497,134644.828,57.409,3668
 2498,134698.188,53.360,3668
 2499,134763.281,65.110,3668
 2500,134824.031,60.755,3668
 2501,134893.984,69.946,3668
 2502,134950.844,56.846,3668
 2503,135010.016,59.190,3668
 2504,135079.391,69.372,3668
 2505,135137.500,58.092,3668
 2506,135201.000,63.513,3668
 2507,135253.828,52.829,3668
 2508,135313.563,59.721,3668
 2509,135384.125,70.567,3668
 2510,135432.484,48.361,3668
 2511,135492.703,60.224,3668
 2512,135549.000,56.286,3668
 2513,135606.750,57.750,3668
 2514,135669.047,62.305,3668
 2515,135738.156,69.109,3668
 2516,135791.359,53.214,3668
 2517,135851.891,60.520,3668
 2518,135911.281,59.405,3668
 2519,135972.328,61.028,3668
 2520,136030.047,57.729,3668
 2521,136087.000,56.941,3668
 2522,136151.891,64.902,3668
 2523,136208.922,57.024,3668
 2524,136267.938,59.027,3668
 2525,136323.516,55.567,3668
 2526,136388.516,64.999,3668
 2527,136441.641,53.129,3668
 2528,136505.078,63.435,3668
 2529,136571.094,66.023,3668
 2530,136621.766,50.663,3668
 2531,136676.719,54.967,3668
 2532,136736.922,60.191,3668
 2533,136796.766,59.842,3668
 2534,136858.656,61.901,3668
 2535,136917.844,59.178,3668
 2536,136976.188,58.349,3668
 2537,137040.922,64.732,3668
 2538,137095.422,54.498,3668
 2539,137156.453,61.038,3668
 2540,137209.344,52.891,3668
 2541,137277.359,68.016,3668
 2542,137328.703,51.339,3668
 2543,137394.688,65.985,3668
 2544,137446.984,52.301,3668
 2545,137506.469,59.490,3668
 2546,137560.891,54.414,3668
 2547,137621.563,60.663,3668
 2548,137683.422,61.855,3668
 2549,137741.172,57.758,3668
 2550,137799.328,58.174,3668
 2551,137868.094,68.751,3668
 2552,137919.266,51.170,3668
 2553,137988.641,69.380,3668
 2554,138039.250,50.612,3668
 2555,138097.484,58.223,3668
 2556,138168.266,70.786,3668
 2557,138222.094,53.825,3668
 2558,138280.500,58.408,3668
 2559,138344.641,64.147,3668
 2560,138405.109,60.465,3668
 2561,138464.031,58.935,3668
 2562,138520.359,56.310,3668
 2563,138579.813,59.460,3668
 2564,138650.406,70.599,3668
 2565,138704.609,54.203,3668
 2566,138769.328,64.718,3668
 2567,138818.250,48.911,3668
 2568,138878.844,60.593,3668
 2569,138942.953,64.112,3668
 2570,139008.313,65.359,3668
 2571,139072.453,64.141,3668
 2572,139128.203,55.746,3668
 2573,139183.141,54.952,3668
 2574,139243.500,60.353,3668
 2575,139302.859,59.345,3668
 2576,139372.953,70.098,3668
 2577,139420.453,47.505,3668
 2578,139478.094,57.645,3668
 2579,139538.438,60.344,3668
 2580,139605.063,66.630,3668
 2581,139662.438,57.374,3668
 2582,139722.594,60.151,3668
 2583,139782.469,59.877,3668
 2584,139838.172,55.696,3668
 2585,139902.250,64.078,3668
 2586,139960.563,58.322,3668
 2587,140022.453,61.886,3668
 2588,140080.000,57.548,3668
 2589,140144.938,64.933,3668
 2590,140205.438,60.499,3668
 2591,140257.078,51.642,3668
 2592,140321.141,64.066,3668
 2593,140377.672,56.532,3668
 2594,140436.625,58.955,3668
 2595,140508.250,71.617,3668
 2596,140557.594,49.352,3668
 2597,140620.000,62.415,3668
 2598,140676.516,56.511,3668
 2599,140739.656,63.136,3668
 2600,140796.781,57.109,3668
 2601,140862.125,65.357,3668
 2602,140913.922,51.801,3668
 2603,140978.438,64.516,3668
 2604,141037.438,58.988,3668
 2605,141098.828,61.397,3668
 2606,141154.469,55.641,3668
 2607,141218.781,64.300,3668
 2608,141296.781,78.013,3668
 2609,141348.641,51.871,3668
 2610,141420.063,71.404,3668
 2611,141471.797,51.741,3668
 2612,141523.266,51.477,3668
 2613,141588.406,65.138,3668
 2614,141633.938,45.537,3668
 2615,141696.234,62.287,3668
 2616,141766.734,70.497,3668
 2617,141824.938,58.209,3668
 2618,141880.234,55.286,3668
 2619,141941.781,61.551,3668
 2620,141999.828,58.045,3668
 2621,142069.656,69.832,3668
 2622,142116.656,47.003,3668
 2623,142179.625,62.967,3668
 2624,142248.734,69.097,3668
 2625,142302.219,53.487,3668
 2626,142372.078,69.857,3668
 2627,142444.016,71.951,3668
 2628,142498.469,54.449,3668
 2629,142572.688,74.223,3668
 2630,142643.531,70.838,3668
 2631,142709.750,66.217,3668
 2632,142777.891,68.156,3668
 2633,142844.234,66.325,3668
 2634,142896.141,51.909,3668
 2635,142964.063,67.921,3668
 2636,143035.688,71.637,3668
 2637,143080.125,44.419,3668
 2638,143143.547,63.424,3668
 2639,143211.281,67.757,3668
 2640,143283.328,72.048,3668
 2641,143337.938,54.595,3668
 2642,143395.672,57.742,3668
 2643,143458.234,62.554,3668
 2644,143531.266,73.034,3668
 2645,143585.672,54.413,3668
 2646,143651.328,65.657,3668
 2647,143715.734,64.396,3668
 2648,143773.594,57.857,3668
 2649,143844.750,71.152,3668
 2650,143905.859,61.119,3668
 2651,143967.297,61.448,3668
 2652,144029.453,62.133,3668
 2653,144104.891,75.447,3668
 2654,144149.188,44.303,3668
 2655,144216.328,67.130,3668
 2656,144284.875,68.555,3668
 2657,144352.641,67.766,3668
 2658,144407.672,55.027,3668
 2659,144466.125,58.451,3668
 2660,144528.656,62.540,3668
 2661,144596.578,67.917,3668
 2662,144658.406,61.823,3668
 2663,144733.234,74.845,3668
 2664,144785.156,51.907,3668
 2665,144847.031,61.874,3668
 2666,144906.125,59.091,3668
 2667,144973.703,67.578,3668
 2668,145037.281,63.600,3668
 2669,145101.891,64.608,3668
 2670,145166.750,64.840,3668
 2671,145229.672,62.935,3668
 2672,145279.922,50.243,3668
 2673,145345.047,65.123,3668
 2674,145411.688,66.639,3668
 2675,145476.953,65.272,3668
 2676,145536.828,59.861,3668
 2677,145596.266,59.452,3668
 2678,145668.984,72.709,3668
 2679,145731.906,62.935,3668
 2680,145803.188,71.276,3668
 2681,145862.594,59.408,3668
 2682,145922.875,60.270,3668
 2683,145991.406,68.527,3668
 2684,146051.781,60.394,3668
 2685,146121.125,69.341,3668
 2686,146172.063,50.929,3668
 2687,146238.766,66.698,3668
 2688,146299.875,61.119,3668
 2689,146367.609,67.729,3669
 2690,146430.188,62.574,3669
 2691,146492.391,62.218,3669
 2692,146561.625,69.221,3668
 2693,146622.359,60.746,3668
 2694,146694.641,72.286,3668
 2695,146743.484,48.838,3668
 2696,146815.422,71.930,3668
 2697,146881.547,66.134,3668
 2698,146940.984,59.427,3668
 2699,147006.625,65.661,3668
 2700,147055.484,48.838,3668
 2701,147135.109,79.627,3668
 2702,147182.828,47.712,3668
 2703,147248.625,65.809,3668
 2704,147314.125,65.498,3668
 2705,147378.625,64.509,3668
 2706,147446.672,68.049,3668
 2707,147506.906,60.225,3668
 2708,147570.891,63.976,3668
 2709,147640.375,69.497,3668
 2710,147703.219,62.842,3668
 2711,147759.547,56.323,3668
 2712,147824.719,65.162,3668
 2713,147891.891,67.183,3668
 2714,147954.422,62.542,3668
 2715,148019.063,64.629,3668
 2716,148077.906,58.851,3668
 2717,148146.516,68.614,3668
 2718,148209.781,63.265,3668
 2719,148267.969,58.188,3668
 2720,148331.563,63.578,3668
 2721,148397.609,66.046,3668
 2722,148463.547,65.938,3668
 2723,148525.359,61.825,3668
 2724,148590.156,64.780,3668
 2725,148657.688,67.543,3668
 2726,148711.031,53.351,3668
 2727,148780.219,69.170,3668
 2728,148845.359,65.160,3668
 2729,148902.625,57.256,3668
 2730,148967.797,65.177,3668
 2731,149028.781,60.970,3668
 2732,149097.891,69.125,3668
 2733,149158.313,60.410,3668
 2734,149220.672,62.376,3668
 2735,149282.391,61.703,3668
 2736,149349.672,67.286,3668
 2737,149411.219,61.548,3668
 2738,149475.313,64.098,3668
 2739,149534.313,58.993,3668
 2740,149602.172,67.861,3668
 2741,149661.578,59.399,3668
 2742,149723.484,61.911,3668
 2743,149785.828,62.342,3668
 2744,149845.281,59.465,3668
 2745,149908.266,62.976,3668
 2746,149975.969,67.715,3668
 2747,150036.063,60.070,3668
 2748,150095.484,59.433,3668
 2749,150158.000,62.530,3668
 2750,150213.672,55.661,3668
 2751,150281.156,67.482,3668
 2752,150341.297,60.143,3668
 2753,150406.141,64.835,3668
 2754,150461.109,54.981,3668
 2755,150525.156,64.044,3668
 2756,150586.156,60.986,3668
 2757,150647.828,61.682,3668
 2758,150714.844,67.014,3668
 2759,150774.281,59.444,3668
 2760,150832.875,58.590,3668
 2761,150893.422,60.547,3668
 2762,150957.203,63.792,3668
 2763,151019.734,62.517,3668
 2764,151083.531,63.790,3668
 2765,151141.359,57.844,3668
 2766,151206.453,65.090,3668
 2767,151264.297,57.836,3668
 2768,151333.797,69.512,3668
 2769,151391.203,57.402,3668
 2770,151449.344,58.154,3668
 2771,151508.547,59.199,3668
 2772,151570.734,62.162,3668
 2773,151634.000,63.285,3668
 2774,151698.063,64.044,3668
 2775,151758.188,60.139,3668
 2776,151813.328,55.147,3668
 2777,151877.016,63.681,3668
 2778,151949.563,72.543,3671
 2779,152001.219,51.664,3673
 2780,152067.469,66.239,3674
 2781,152129.875,62.418,3675
 2782,152194.609,64.738,3675
 2783,152251.109,56.487,3675
 2784,152313.766,62.669,3675
 2785,152378.063,64.289,3676
 2786,152442.594,64.543,3676
 2787,152505.031,62.424,3676
 2788,152564.094,59.062,3676
 2789,152627.891,63.800,3676
 2790,152687.469,59.576,3676
 2791,152747.453,59.981,3676
 2792,152805.953,58.506,3676
 2793,152867.063,61.111,3676
 2794,152923.516,56.439,3676
 2795,152977.938,54.445,3676
 2796,153031.125,53.184,3676
 2797,153087.984,56.856,3676
 2798,153144.953,56.964,3676
 2799,153194.625,49.670,3676
 2800,153250.500,55.879,3676
 2801,153308.172,57.659,3676
 2802,153355.281,47.123,3676
 2803,153410.594,55.322,3676
 2804,153462.734,52.129,3676
 2805,153520.922,58.179,3676
 2806,153578.438,57.529,3676
 2807,153633.656,55.205,3676
 2808,153691.203,57.555,3676
 2809,153741.000,49.795,3676
 2810,153795.516,54.507,3676
 2811,153851.422,55.916,3676
 2812,153905.922,54.509,3676
 2813,153958.344,52.413,3676
 2814,154012.484,54.149,3676
 2815,154068.156,55.656,3676
 2816,154123.438,55.282,3676
 2817,154174.094,50.662,3676
 2818,154225.125,51.032,3676
 2819,154280.203,55.079,3676
 2820,154341.781,61.577,3676
 2821,154385.844,44.063,3676
 2822,154440.906,55.057,3676
 2823,154499.109,58.219,3676
 2824,154550.203,51.077,3676
 2825,154605.922,55.737,3676
 2826,154661.438,55.503,3676
 2827,154715.344,53.916,3676
 2828,154770.281,54.932,3676
 2829,154826.875,56.584,3676
 2830,154881.844,54.980,3676
 2831,154939.859,58.015,3676
 2832,154991.750,51.895,3676
 2833,155045.078,53.317,3676
 2834,155098.047,52.968,3676
 2835,155154.906,56.863,3676
 2836,155210.875,55.967,3676
 2837,155268.250,57.369,3676
 2838,155321.047,52.807,3676
 2839,155373.797,52.757,3676
 2840,155429.516,55.704,3676
 2841,155487.969,58.470,3676
 2842,155541.156,53.179,3676
 2843,155598.078,56.906,3676
 2844,155658.047,59.981,3676
 2845,155707.953,49.916,3676
 2846,155760.734,52.770,3676
 2847,155816.078,55.343,3676
 2848,155871.375,55.288,3676
 2849,155926.984,55.628,3676
 2850,155980.016,53.029,3676
 2851,156037.906,57.890,3676
 2852,156088.016,50.107,3676
 2853,156142.891,54.871,3676
 2854,156203.047,60.167,3676
 2855,156255.609,52.546,3676
 2856,156309.813,54.210,3676
 2857,156369.172,59.362,3676
 2858,156421.391,52.209,3676
 2859,156471.344,49.976,3676
 2860,156527.859,56.510,3676
 2861,156582.922,55.047,3676
 2862,156634.750,51.826,3676
 2863,156686.828,52.083,3676
 2864,156738.547,51.721,3676
 2865,156793.500,54.957,3676
 2866,156849.484,55.971,3676
 2867,156905.766,56.298,3676
 2868,156955.109,49.335,3676
 2869,157010.438,55.337,3676
 2870,157068.547,58.109,3676
 2871,157116.766,48.205,3676
 2872,157171.406,54.646,3676
 2873,157228.000,56.597,3676
 2874,157277.547,49.548,3676
 2875,157334.906,57.358,3676
 2876,157384.531,49.631,3676
 2877,157437.953,53.430,3676
 2878,157490.531,52.576,3676
 2879,157544.813,54.269,3676
 2880,157597.984,53.187,3676
 2881,157652.594,54.596,3676
 2882,157708.109,55.506,3676
 2883,157758.516,50.423,3676
 2884,157809.547,51.012,3676
 2885,157868.109,58.570,3676
 2886,157915.047,46.938,3676
 2887,157973.875,58.840,3676
 2888,158026.125,52.231,3676
 2889,158077.781,51.675,3676
 2890,158131.719,53.930,3676
 2891,158184.656,52.937,3676
 2892,158236.719,52.052,3676
 2893,158288.859,52.149,3676
 2894,158341.984,53.128,3676
 2895,158392.469,50.490,3676
 2896,158444.203,51.716,3676
 2897,158496.391,52.195,3676
 2898,158551.750,55.372,3676
 