Frame, Time (ms), Delta (ms) , Memory (mb)
    1, 0.000, 0.000,3014
    2,55.808,55.808,3953
    3,110.729,54.921,3953
    4,171.579,60.850,3953
    5,228.723,57.144,3953
    6,289.611,60.888,3953
    7,346.868,57.257,3953
    8,411.183,64.315,3953
    9,467.899,56.716,3953
   10,530.172,62.273,3953
   11,589.275,59.103,3953
   12,650.482,61.207,3953
   13,705.077,54.595,3953
   14,768.347,63.270,3953
   15,827.409,59.062,3953
   16,889.307,61.898,3953
   17,942.976,53.669,3953
   18,1003.991,61.015,3953
   19,1061.372,57.381,3953
   20,1123.194,61.822,3953
   21,1182.915,59.721,3953
   22,1241.282,58.367,3953
   23,1298.790,57.508,3953
   24,1360.182,61.392,3953
   25,1416.757,56.575,3953
   26,1473.474,56.717,3953
   27,1532.623,59.149,3953
   28,1587.243,54.620,3953
   29,1646.138,58.895,3953
   30,1710.084,63.946,3953
   31,1766.669,56.585,3953
   32,1827.998,61.329,3953
   33,1883.261,55.263,3953
   34,1944.991,61.730,3953
   35,2002.130,57.139,3953
   36,2061.555,59.425,3953
   37,2120.352,58.797,3953
   38,2179.473,59.121,3955
   39,2238.478,59.005,3955
   40,2299.697,61.219,3955
   41,2352.270,52.573,3955
   42,2414.185,61.915,3955
   43,2471.017,56.832,3955
   44,2530.312,59.295,3955
   45,2587.079,56.767,3955
   46,2648.667,61.588,3955
   47,2699.876,51.209,3955
   48,2755.467,55.591,3955
   49,2815.535,60.068,3955
   50,2873.125,57.590,3955
   51,2927.745,54.620,3955
   52,2985.636,57.891,3955
   53,3042.077,56.441,3955
   54,3106.398,64.321,3955
   55,3160.114,53.716,3955
   56,3223.803,63.689,3955
   57,3280.265,56.462,3955
   58,3335.284,55.019,3953
   59,3391.471,56.187,3953
   60,3450.587,59.116,3953
   61,3511.024,60.437,3953
   62,3567.605,56.581,3953
   63,3621.876,54.271,3953
   64,3682.845,60.969,3953
   65,3737.725,54.880,3953
   66,3797.058,59.333,3953
   67,3850.580,53.522,3953
   68,3910.753,60.173,3953
   69,3963.376,52.623,3953
   70,4024.724,61.348,3953
   71,4080.225,55.501,3953
   72,4140.118,59.893,3953
   73,4196.045,55.927,3953
   74,4256.085,60.040,3953
   75,4310.217,54.132,3953
   76,4367.048,56.831,3953
   77,4423.217,56.169,3953
   78,4483.022,59.805,3953
   79,4539.640,56.618,3953
   80,4598.164,58.524,3953
   81,4652.573,54.409,3953
   82,4710.058,57.485,3953
   83,4766.604,56.546,3953
   84,4826.189,59.585,3953
   85,4879.700,53.511,3953
   86,4939.264,59.564,3953
   87,4993.889,54.625,3953
   88,5052.312,58.423,3953
   89,5109.485,57.173,3953
   90,5168.566,59.081,3953
   91,5223.793,55.227,3953
   92,5280.527,56.734,3953
   93,5336.202,55.675,3953
   94,5394.577,58.375,3953
   95,5450.282,55.705,3953
   96,5508.813,58.530,3953
   97,5563.780,54.968,3953
   98,5624.730,60.950,3953
   99,5678.384,53.654,3953
  100,5738.960,60.576,3953
  101,5792.090,53.130,3953
  102,5851.921,59.831,3953
  103,5906.748,54.827,3953
  104,5965.368,58.620,3953
  105,6021.740,56.372,3953
  106,6082.692,60.952,3953
  107,6138.037,55.345,3953
  108,6199.233,61.196,3953
  109,6256.307,57.074,3953
  110,6315.320,59.013,3953
  111,6370.523,55.203,3953
  112,6428.716,58.193,3953
  113,6483.500,54.783,3953
  114,6542.555,59.056,3953
  115,6596.644,54.088,3953
  116,6657.754,61.111,3953
  117,6712.553,54.799,3953
  118,6770.462,57.909,3953
  119,6826.028,55.566,3953
  120,6884.019,57.990,3953
  121,6942.979,58.961,3953
  122,7008.077,65.098,3953
  123,7066.911,58.834,3953
  124,7127.644,60.732,3953
  125,7188.167,60.524,3953
  126,7251.646,63.479,3953
  127,7311.250,59.604,3953
  128,7375.263,64.013,3953
  129,7433.869,58.606,3953
  130,7495.532,61.663,3953
  131,7553.305,57.773,3953
  132,7617.735,64.430,3953
  133,7676.330,58.594,3953
  134,7742.756,66.427,3953
  135,7795.422,52.666,3953
  136,7855.204,59.781,3953
  137,7910.604,55.401,3953
  138,7971.428,60.824,3953
  139,8029.717,58.289,3953
  140,8090.846,61.129,3953
  141,8142.820,51.974,3953
  142,8209.948,67.128,3953
  143,8264.479,54.530,3953
  144,8329.222,64.743,3953
  145,8388.896,59.674,3953
  146,8453.846,64.950,3953
  147,8513.065,59.220,3953
  148,8576.517,63.451,3953
  149,8636.391,59.874,3953
  150,8701.643,65.252,3953
  151,8758.389,56.746,3953
  152,8824.272,65.884,3953
  153,8881.801,57.528,3953
  154,8953.030,71.230,3953
  155,9009.993,56.963,3953
  156,9076.972,66.978,3953
  157,9133.775,56.804,3953
  158,9203.457,69.682,3953
  159,9263.154,59.697,3953
  160,9326.828,63.674,3953
  161,9387.712,60.883,3953
  162,9453.619,65.908,3953
  163,9512.964,59.344,3953
  164,9576.366,63.403,3955
  165,9638.157,61.791,3955
  166,9704.246,66.089,3955
  167,9762.909,58.663,3955
  168,9829.893,66.983,3955
  169,9889.271,59.378,3955
  170,9958.259,68.988,3955
  171,10017.604,59.346,3955
  172,10083.050,65.445,3955
  173,10139.597,56.547,3955
  174,10208.763,69.166,3957
  175,10273.347,64.584,3957
  176,10337.947,64.601,3959
  177,10396.350,58.402,3959
  178,10462.293,65.943,3957
  179,10523.807,61.514,3957
  180,10587.019,63.212,3957
  181,10649.820,62.802,3959
  182,10716.145,66.324,3959
  183,10777.058,60.913,3959
  184,10842.377,65.319,3959
  185,10903.244,60.868,3959
  186,10969.085,65.840,3959
  187,11030.396,61.311,3959
  188,11094.984,64.589,3959
  189,11155.301,60.316,3959
  190,11222.723,67.422,3959
  191,11282.267,59.544,3959
  192,11349.055,66.788,3959
  193,11407.496,58.442,3959
  194,11477.450,69.954,3959
  195,11536.042,58.591,3959
  196,11598.249,62.207,3959
  197,11660.703,62.455,3959
  198,11729.776,69.073,3959
  199,11789.287,59.511,3959
  200,11854.360,65.073,3959
  201,11921.543,67.182,3959
  202,11984.790,63.247,3959
  203,12045.560,60.770,3959
  204,12110.710,65.150,3959
  205,12170.912,60.203,3959
  206,12233.689,62.777,3959
  207,12292.719,59.029,3959
  208,12361.440,68.722,3959
  209,12421.320,59.880,3961
  210,12491.851,70.530,3961
  211,12553.046,61.195,3961
  212,12622.337,69.291,3961
  213,12685.404,63.068,3961
  214,12754.163,68.758,3961
  215,12814.918,60.755,3961
  216,12881.724,66.806,3961
  217,12943.567,61.844,3961
  218,13011.925,68.357,3961
  219,13073.531,61.607,3961
  220,13135.943,62.412,3961
  221,13199.028,63.085,3961
  222,13268.789,69.760,3961
  223,13325.204,56.415,3961
  224,13393.791,68.587,3961
  225,13452.863,59.073,3961
  226,13516.354,63.490,3961
  227,13577.231,60.878,3961
  228,13637.738,60.507,3961
  229,13704.214,66.475,3961
  230,13768.210,63.996,3961
  231,13830.006,61.796,3961
  232,13899.610,69.605,3961
  233,13958.849,59.238,3961
  234,14029.810,70.961,3961
  235,14092.361,62.552,3961
  236,14153.684,61.322,3961
  237,14217.581,63.897,3961
  238,14286.803,69.222,3961
  239,14344.319,57.517,3961
  240,14411.493,67.173,3961
  241,14470.020,58.527,3961
  242,14540.739,70.720,3961
  243,14597.618,56.878,3961
  244,14665.382,67.764,3961
  245,14729.519,64.137,3961
  246,14792.765,63.246,3961
  247,14849.396,56.632,3961
  248,14918.600,69.203,3961
  249,14976.340,57.740,3961
  250,15047.410,71.070,3961
  251,15105.798,58.388,3961
  252,15175.291,69.493,3961
  253,15234.207,58.916,3961
  254,15301.960,67.753,3961
  255,15364.029,62.070,3961
  256,15428.623,64.593,3961
  257,15489.852,61.229,3961
  258,15553.021,63.169,3961
  259,15615.937,62.916,3961
  260,15685.762,69.825,3961
  261,15747.563,61.802,3961
  262,15813.473,65.909,3961
  263,15874.336,60.863,3961
  264,15940.485,66.150,3961
  265,16001.138,60.652,3961
  266,16063.988,62.851,3961
  267,16125.307,61.318,3961
  268,16186.795,61.488,3961
  269,16246.928,60.133,3961
  270,16314.021,67.094,3961
  271,16373.178,59.156,3961
  272,16439.990,66.813,3961
  273,16500.572,60.581,3961
  274,16566.246,65.675,3959
  275,16624.717,58.470,3959
  276,16688.861,64.144,3959
  277,16751.598,62.737,3959
  278,16820.789,69.191,3959
  279,16878.094,57.303,3959
  280,16947.037,68.944,3959
  281,17008.066,61.031,3959
  282,17077.018,68.949,3959
  283,17136.484,59.469,3959
  284,17199.816,63.332,3959
  285,17261.559,61.742,3959
  286,17325.336,63.777,3959
  287,17386.215,60.879,3959
  288,17454.430,68.215,3959
  289,17515.162,60.733,3959
  290,17580.836,65.675,3959
  291,17639.459,58.621,3959
  292,17702.561,63.103,3959
  293,17762.172,59.610,3959
  294,17826.383,64.211,3959
  295,17885.084,58.703,3959
  296,17952.037,66.950,3959
  297,18009.225,57.188,3959
  298,18077.379,68.155,3959
  299,18135.793,58.415,3959
  300,18203.715,67.921,3959
  301,18259.736,56.021,3959
  302,18325.217,65.481,3959
  303,18386.678,61.459,3959
  304,18449.240,62.564,3959
  305,18505.906,56.667,3959
  306,18571.494,65.588,3959
  307,18629.137,57.643,3959
  308,18696.766,67.626,3959
  309,18751.848,55.083,3959
  310,18813.998,62.152,3955
  311,18872.854,58.853,3955
  312,18932.137,59.286,3955
  313,18987.461,55.323,3955
  314,19050.393,62.933,3955
  315,19103.023,52.629,3955
  316,19168.316,65.295,3955
  317,19229.324,61.006,3955
  318,19289.568,60.244,3955
  319,19344.830,55.263,3955
  320,19406.408,61.578,3955
  321,19461.328,54.921,3955
  322,19523.652,62.322,3955
  323,19583.178,59.526,3955
  324,19645.682,62.504,3955
  325,19706.256,60.573,3955
  326,19765.197,58.943,3955
  327,19823.570,58.373,3955
  328,19888.115,64.544,3955
  329,19945.854,57.739,3955
  330,20011.297,65.444,3955
  331,20072.521,61.222,3955
  332,20134.135,61.615,3955
  333,20191.877,57.741,3955
  334,20253.576,61.700,3955
  335,20312.652,59.078,3955
  336,20378.217,65.562,3955
  337,20435.756,57.539,3955
  338,20498.318,62.564,3955
  339,20556.393,58.075,3955
  340,20620.033,63.638,3955
  341,20679.520,59.487,3955
  342,20741.895,62.376,3955
  343,20797.520,55.624,3955
  344,20861.057,63.539,3955
  345,20920.941,59.882,3955
  346,20991.533,70.593,3955
  347,21053.816,62.283,3955
  348,21112.992,59.176,3955
  349,21178.281,65.290,3955
  350,21237.381,59.099,3955
  351,21294.178,56.797,3955
  352,21356.682,62.502,3955
  353,21414.045,57.364,3955
  354,21474.621,60.576,3955
  355,21535.014,60.393,3955
  356,21601.131,66.118,3955
  357,21660.328,59.197,3955
  358,21726.965,66.636,3955
  359,21783.314,56.351,3955
  360,21847.354,64.039,3955
  361,21904.277,56.924,3955
  362,21965.783,61.505,3955
  363,22023.934,58.151,3955
  364,22085.934,61.999,3955
  365,22142.854,56.920,3955
  366,22207.098,64.245,3955
  367,22265.086,57.986,3955
  368,22331.469,66.384,3955
  369,22391.781,60.312,3955
  370,22456.535,64.755,3955
  371,22519.564,63.030,3955
  372,22583.236,63.673,3955
  373,22643.693,60.455,3955
  374,22713.170,69.476,3955
  375,22769.510,56.341,3955
  376,22839.717,70.208,3955
  377,22899.664,59.945,3955
  378,22966.402,66.740,3955
  379,23028.258,61.854,3955
  380,23093.436,65.178,3955
  381,23152.752,59.316,3953
  382,23219.764,67.012,3953
  383,23281.830,62.067,3953
  384,23345.777,63.946,3953
  385,23406.727,60.951,3955
  386,23470.949,64.221,3955
  387,23531.867,60.919,3955
  388,23601.545,69.677,3955
  389,23661.393,59.848,3955
  390,23727.998,66.605,3955
  391,23786.168,58.170,3955
  392,23853.117,66.950,3955
  393,23918.824,65.707,3955
  394,23983.717,64.894,3955
  395,24044.504,60.785,3955
  396,24113.109,68.606,3955
  397,24172.740,59.633,3955
  398,24236.299,63.557,3957
  399,24297.080,60.780,3957
  400,24361.541,64.463,3957
  401,24418.609,57.067,3957
  402,24483.506,64.895,3957
  403,24541.920,58.415,3957
  404,24598.840,56.920,3957
  405,24660.820,61.982,3957
  406,24728.609,67.787,3957
  407,24786.400,57.793,3957
  408,24850.102,63.700,3957
  409,24911.342,61.239,3957
  410,24976.701,65.360,3957
  411,25037.518,60.818,3957
  412,25105.213,67.696,3957
  413,25164.098,58.882,3957
  414,25227.381,63.286,3957
  415,25290.984,63.603,3957
  416,25353.311,62.326,3957
  417,25409.129,55.819,3957
  418,25477.313,68.184,3957
  419,25536.313,58.999,3957
  420,25602.361,66.048,3957
  421,25663.256,60.894,3957
  422,25728.359,65.104,3957
  423,25787.461,59.103,3957
  424,25850.586,63.123,3957
  425,25910.529,59.944,3957
  426,25974.695,64.166,3957
  427,26036.488,61.795,3957
  428,26100.273,63.783,3957
  429,26172.568,72.297,3957
  430,26225.146,52.577,3957
  431,26283.750,58.602,3957
  432,26343.338,59.589,3957
  433,26398.826,55.487,3957
  434,26467.133,68.309,3957
  435,26525.373,58.238,3957
  436,26590.121,64.748,3957
  437,26647.855,57.735,3957
  438,26715.213,67.359,3957
  439,26773.453,58.239,3957
  440,26838.613,65.160,3957
  441,26897.881,59.268,3957
  442,26965.797,67.915,3957
  443,27021.705,55.910,3957
  444,27087.650,65.945,3957
  445,27144.715,57.064,3957
  446,27215.834,71.119,3957
  447,27269.365,53.531,3957
  448,27329.064,59.701,3957
  449,27387.617,58.551,3957
  450,27451.781,64.165,3957
  451,27510.303,58.521,3957
  452,27574.785,64.483,3957
  453,27632.326,57.538,3957
  454,27693.922,61.597,3957
  455,27756.373,62.453,3957
  456,27817.934,61.560,3957
  457,27875.631,57.697,3957
  458,27939.418,63.785,3957
  459,28003.270,63.852,3957
  460,28062.662,59.392,3957
  461,28122.533,59.873,3957
  462,28184.078,61.543,3957
  463,28245.842,61.764,3957
  464,28309.211,63.371,3957
  465,28365.512,56.300,3957
  466,28425.293,59.781,3957
  467,28486.357,61.065,3957
  468,28549.805,63.448,3957
  469,28610.826,61.020,3957
  470,28669.146,58.322,3957
  471,28730.637,61.491,3957
  472,28793.516,62.877,3957
  473,28852.574,59.057,3957
  474,28910.033,57.462,3957
  475,28968.531,58.497,3957
  476,29031.727,63.196,3957
  477,29086.813,55.087,3957
  478,29150.662,63.847,3957
  479,29208.592,57.930,3957
  480,29269.637,61.045,3957
  481,29330.266,60.628,3957
  482,29392.299,62.035,3957
  483,29451.004,58.704,3957
  484,29515.236,64.232,3957
  485,29574.297,59.061,3957
  486,29632.770,58.474,3957
  487,29690.889,58.120,3957
  488,29759.490,68.599,3957
  489,29816.029,56.540,3957
  490,29874.809,58.781,3957
  491,29931.414,56.602,3957
  492,29993.285,61.874,3957
  493,30060.980,67.696,3957
  494,30112.539,51.557,3957
  495,30166.258,53.718,3957
  496,30231.438,65.180,3957
  497,30287.965,56.528,3957
  498,30354.951,66.986,3957
  499,30414.254,59.301,3957
  500,30474.318,60.066,3957
  501,30536.313,61.994,3957
  502,30598.842,62.528,3957
  503,30658.621,59.781,3957
  504,30720.727,62.106,3957
  505,30781.137,60.410,3957
  506,30842.697,61.560,3957
  507,30899.102,56.404,3957
  508,30965.594,66.491,3957
  509,31025.148,59.555,3957
  510,31087.037,61.891,3957
  511,31144.541,57.503,3957
  512,31210.244,65.702,3957
  513,31271.506,61.262,3957
  514,31335.098,63.592,3957
  515,31392.994,57.896,3957
  516,31455.762,62.768,3957
  517,31515.906,60.144,3957
  518,31578.895,62.990,3957
  519,31639.303,60.408,3957
  520,31698.029,58.726,3957
  521,31755.734,57.705,3957
  522,31819.793,64.060,3957
  523,31877.393,57.599,3957
  524,31943.521,66.129,3957
  525,32006.650,63.126,3957
  526,32068.230,61.580,3957
  527,32129.301,61.072,3957
  528,32196.621,67.321,3957
  529,32252.982,56.359,3957
  530,32318.904,65.923,3957
  531,32376.605,57.703,3957
  532,32444.381,67.774,3957
  533,32505.389,61.009,3957
  534,32570.014,64.625,3957
  535,32630.461,60.446,3957
  536,32691.441,60.982,3957
  537,32753.070,61.628,3957
  538,32815.449,62.377,3957
  539,32875.727,60.278,3957
  540,32943.617,67.893,3957
  541,33003.324,59.706,3957
  542,33065.480,62.157,3957
  543,33126.742,61.260,3957
  544,33193.180,66.440,3957
  545,33256.492,63.311,3957
  546,33315.363,58.871,3957
  547,33376.531,61.165,3957
  548,33443.809,67.279,3957
  549,33502.422,58.615,3957
  550,33566.281,63.857,3957
  551,33625.195,58.916,3957
  552,33683.820,58.626,3957
  553,33749.609,65.787,3957
  554,33809.547,59.939,3957
  555,33869.945,60.397,3957
  556,33932.230,62.284,3957
  557,33999.180,66.953,3957
  558,34060.008,60.826,3957
  559,34121.449,61.441,3957
  560,34187.363,65.913,3957
  561,34246.703,59.340,3957
  562,34309.375,62.671,3957
  563,34369.418,60.043,3957
  564,34435.273,65.859,3957
  565,34491.438,56.163,3957
  566,34555.113,63.674,3957
  567,34620.266,65.152,3957
  568,34683.000,62.737,3957
  569,34743.930,60.931,3957
  570,34804.570,60.638,3957
  571,34872.289,67.722,3957
  572,34934.734,62.443,3957
  573,34991.719,56.982,3957
  574,35059.879,68.161,3957
  575,35118.801,58.925,3957
  576,35184.020,65.216,3957
  577,35247.371,63.352,3957
  578,35311.125,63.756,3957
  579,35370.000,58.877,3957
  580,35434.520,64.514,3957
  581,35495.441,60.926,3957
  582,35560.176,64.736,3957
  583,35622.867,62.687,3957
  584,35684.629,61.762,3957
  585,35745.785,61.159,3957
  586,35810.570,64.783,3957
  587,35870.785,60.217,3957
  588,35932.996,62.210,3957
  589,35996.656,63.662,3957
  590,36059.172,62.514,3957
  591,36119.332,60.160,3957
  592,36186.793,67.462,3957
  593,36247.746,60.951,3957
  594,36314.336,66.590,3957
  595,36371.473,57.139,3957
  596,36438.109,66.635,3957
  597,36502.918,64.807,3957
  598,36568.059,65.140,3957
  599,36634.426,66.366,3957
  600,36701.574,67.150,3957
  601,36758.313,56.742,3957
  602,36826.324,68.009,3957
  603,36890.539,64.212,3957
  604,36955.816,65.283,3957
  605,37020.230,64.409,3957
  606,37086.254,66.026,3957
  607,37149.801,63.545,3957
  608,37219.273,69.474,3957
  609,37279.910,60.637,3957
  610,37344.797,64.888,3957
  611,37411.133,66.334,3957
  612,37477.617,66.485,3957
  613,37541.617,63.999,3957
  614,37608.277,66.660,3957
  615,37674.809,66.533,3957
  616,37745.707,70.898,3957
  617,37808.297,62.592,3955
  618,37875.469,67.170,3955
  619,37935.266,59.796,3955
  620,38002.246,66.979,3955
  621,38069.566,67.320,3955
  622,38134.293,64.729,3955
  623,38202.797,68.505,3955
  624,38266.543,63.743,3955
  625,38332.945,66.406,3955
  626,38402.434,69.486,3955
  627,38461.293,58.861,3955
  628,38529.633,68.337,3955
  629,38597.754,68.124,3955
  630,38670.223,72.465,3955
  631,38731.512,61.288,3955
  632,38802.203,70.694,3955
  633,38863.391,61.188,3955
  634,38929.809,66.418,3955
  635,38997.664,67.857,3955
  636,39064.305,66.640,3955
  637,39132.738,68.430,3955
  638,39196.953,64.218,3955
  639,39265.273,68.318,3955
  640,39334.098,68.825,3955
  641,39398.289,64.192,3955
  642,39466.816,68.530,3955
  643,39529.898,63.078,3955
  644,39598.398,68.500,3955
  645,39661.203,62.807,3955
  646,39734.281,73.078,3955
  647,39793.055,58.771,3955
  648,39863.027,69.975,3955
  649,39929.664,66.639,3955
  650,40002.039,72.372,3955
  651,40059.602,57.565,3955
  652,40131.820,72.217,3955
  653,40208.660,76.841,3955
  654,40265.020,56.356,3955
  655,40327.313,62.295,3955
  656,40395.434,68.120,3955
  657,40437.980,42.549,4003
  658,40485.340,47.354,4003
  659,40534.031,48.693,4003
  660,40578.895,44.866,4003
  661,40625.258,46.362,4003
  662,40671.691,46.432,4003
  663,40718.102,46.412,4003
  664,40767.191,49.089,4003
  665,40813.453,46.265,4003
  666,40861.758,48.304,4003
  667,40908.098,46.338,4003
  668,41008.570,100.473,4000
  669,41024.723,16.150,4000
  670,41056.434,31.716,3991
  671,41099.719,43.281,3992
  672,41146.449,46.733,3993
  673,41192.387,45.935,3995
  674,41238.266,45.880,3993
  675,41283.852,45.587,3990
  676,41331.457,47.608,3988
  677,41377.488,46.030,3988
  678,41422.332,44.845,3988
  679,41471.281,48.947,3974
  680,41517.199,45.915,3974
  681,41566.594,49.398,3975
  682,41614.988,48.394,3975
  683,41664.613,49.626,3975
  684,41710.930,46.317,3975
  685,41758.969,48.036,3973
  686,41805.137,46.169,3953
  687,41851.859,46.719,3935
  688,41898.660,46.807,3934
  689,41947.355,48.689,3856
  690,41997.480,50.132,3760
  691,42043.156,45.673,3680
  692,42100.387,57.227,3604
  693,42147.102,46.718,3605
  694,42191.371,44.266,3614
  695,42236.957,45.590,3623
  696,42291.793,54.836,3619
  697,42340.020,48.224,3619
  698,42395.621,55.603,3600
  699,42437.992,42.371,3601
  700,42481.988,43.997,3601
  701,42535.445,53.456,3601
  702,42592.520,57.074,3600
  703,42636.133,43.615,3600
  704,42680.297,44.164,3600
  705,42737.934,57.635,3599
  706,42789.355,51.421,3602
  707,42832.254,42.899,3599
  708,42879.512,47.258,3600
  709,42933.660,54.150,3599
  710,42989.754,56.095,3585
  711,43030.770,41.013,3574
  712,43080.723,49.952,3563
  713,43127.672,46.950,3564
  714,43177.695,50.024,3564
  715,43237.480,59.788,3549
  716,43283.531,46.047,3548
  717,43333.840,50.307,3547
  718,43380.293,46.457,3547
  719,43430.902,50.608,3547
  720,43479.160,48.258,3548
  721,43531.152,51.992,3551
  722,43575.676,44.524,3551
  723,43624.527,48.850,3553
  724,43675.887,51.359,3553
  725,43732.160,56.278,3546
  726,43777.531,45.365,3535
  727,43821.875,44.347,3544
  728,43874.523,52.647,3543
  729,43931.938,57.414,3543
  730,43978.219,46.284,3543
  731,44027.367,49.147,3531
  732,44079.656,52.292,3527
  733,44128.730,49.073,3529
  734,44180.801,52.068,3529
  735,44231.867,51.068,3524
  736,44288.203,56.334,3516
  737,44337.617,49.415,3513
  738,44390.715,53.099,3509
  739,44435.938,45.222,3509
  740,44490.625,54.688,3512
  741,44543.910,53.283,3512
  742,44599.332,55.419,3513
  743,44651.844,52.512,3514
  744,44706.164,54.324,3519
  745,44755.895,49.729,3521
  746,44810.098,54.205,3527
  747,44862.254,52.156,3531
  748,44932.094,69.841,3534
  749,44982.512,50.414,3534
  750,45032.191,49.681,3533
  751,45077.055,44.865,3532
  752,45126.664,49.607,3533
  753,45179.289,52.627,3533
  754,45236.516,57.223,3533
  755,45282.813,46.302,3537
  756,45337.223,54.409,3535
  757,45390.633,53.412,3538
  758,45447.445,56.810,3540
  759,45500.168,52.722,3539
  760,45553.902,53.734,3540
  761,45604.707,50.807,3538
  762,45659.223,54.513,3539
  763,45711.332,52.107,3543
  764,45767.082,55.754,3547
  765,45819.398,52.316,3551
  766,45873.125,53.727,3554
  767,45923.004,49.878,3555
  768,45982.305,59.302,3554
  769,46033.867,51.559,3556
  770,46082.828,48.961,3560
  771,46137.590,54.766,3567
  772,46192.004,54.413,3568
  773,46243.730,51.728,3570
  774,46298.395,54.660,3575
  775,46349.340,50.946,3575
  776,46403.289,53.951,3575
  777,46454.914,51.623,3575
  778,46507.016,52.103,3575
  779,46561.801,54.786,3573
  780,46614.746,52.944,3576
  781,46670.129,55.385,3574
  782,46720.922,50.794,3574
  783,46773.219,52.292,3574
  784,46831.102,57.887,3575
  785,46882.145,51.041,3574
  786,46937.879,55.735,3573
  787,46989.879,51.998,3574
  788,47047.492,57.615,3575
  789,47103.961,56.468,3575
  790,47153.188,49.224,3572
  791,47208.211,55.025,3573
  792,47259.711,51.501,3573
  793,47318.531,58.821,3572
  794,47371.563,53.029,3572
  795,47424.691,53.129,3576
  796,47478.473,53.784,3578
  797,47531.996,53.520,3582
  798,47587.297,55.304,3584
  799,47637.457,50.160,3592
  800,47694.004,56.543,3593
  801,47744.828,50.827,3593
  802,47802.938,58.112,3596
  803,47856.418,53.481,3601
  804,47909.047,52.626,3601
  805,47965.734,56.687,3606
  806,48022.574,56.840,3604
  807,48075.977,53.404,3606
  808,48128.012,52.034,3611
  809,48182.844,54.830,3611
  810,48236.164,53.319,3613
  811,48295.781,59.623,3614
  812,48347.430,51.647,3613
  813,48405.594,58.165,3613
  814,48457.102,51.508,3615
  815,48513.379,56.276,3615
  816,48565.590,52.211,3618
  817,48627.969,62.380,3617
  818,48680.363,52.391,3610
  819,48734.473,54.114,3605
  820,48792.219,57.743,3604
  821,48846.012,53.792,3610
  822,48899.367,53.356,3620
  823,48952.352,52.983,3628
  824,49005.672,53.322,3636
  825,49063.898,58.226,3645
  826,49116.234,52.335,3653
  827,49170.660,54.428,3662
  828,49225.980,55.323,3668
  829,49282.438,56.454,3672
  830,49335.645,53.210,3674
  831,49390.367,54.718,3674
  832,49440.461,50.098,3674
  833,49487.902,47.438,3675
  834,49556.234,68.332,3675
  835,49615.098,58.863,3675
  836,49648.848,33.750,3675
  837,49701.824,52.975,3675
  838,49754.563,52.741,3675
  839,49809.375,54.813,3670
  840,49875.133,65.758,3604
  841,49930.434,55.301,3594
  842,49988.500,58.063,3605
  843,50037.660,49.160,3614
  844,50099.227,61.567,3623
  845,50155.012,55.786,3631
  846,50213.770,58.759,3640
  847,50268.980,55.214,3648
  848,50321.438,52.455,3656
  849,50374.863,53.425,3666
  850,50428.379,53.515,3671
  851,50481.711,53.332,3674
  852,50538.063,56.352,3676
  853,50585.023,46.961,3678
  854,50641.652,56.628,3679
  855,50696.332,54.679,3680
  856,50746.297,49.966,3681
  857,50801.098,54.803,3683
  858,50852.570,51.472,3684
  859,50907.715,55.142,3684
  860,50997.371,89.657,3684
  861,51041.035,43.664,3684
  862,51073.082,32.049,3684
  863,51124.340,51.255,3684
  864,51176.801,52.462,3684
  865,51229.199,52.397,3684
  866,51277.359,48.160,3684
  867,51332.145,54.790,3684
  868,51383.070,50.922,3684
  869,51435.414,52.344,3684
  870,51487.777,52.365,3684
  871,51541.246,53.467,3684
  872,51594.613,53.369,3684
  873,51647.395,52.779,3684
  874,51691.680,44.285,3684
  875,51744.184,52.505,3684
  876,51796.625,52.445,3684
  877,51849.922,53.292,3684
  878,51903.109,53.190,3684
  879,51955.258,52.147,3684
  880,52009.852,54.594,3684
  881,52061.156,51.301,3684
  882,52114.418,53.266,3684
  883,52167.793,53.375,3684
  884,52219.566,51.773,3684
  885,52272.848,53.279,3684
  886,52326.762,53.915,3684
  887,52382.500,55.738,3691
  888,52435.164,52.663,3694
  889,52487.422,52.260,3695
  890,52545.660,58.238,3700
  891,52594.273,48.617,3703
  892,52651.523,57.244,3706
  893,52702.633,51.112,3710
  894,52758.707,56.072,3714
  895,52811.699,52.996,3717
  896,52865.164,53.463,3718
  897,52918.340,53.176,3725
  898,52974.863,56.523,3733
  899,53028.367,53.504,3734
  900,53082.504,54.135,3738
  901,53136.027,53.523,3739
  902,53191.578,55.552,3742
  903,53247.723,56.144,3744
  904,53298.945,51.225,3746
  905,53354.539,55.592,3748
  906,53408.891,54.353,3752
  907,53462.258,53.367,3762
  908,53516.141,53.884,3764
  909,53573.801,57.662,3764
  910,53627.098,53.296,3766
  911,53680.699,53.600,3768
  912,53732.957,52.259,3773
  913,53786.898,53.941,3773
  914,53844.406,57.508,3775
  915,53895.844,51.433,3777
  916,53949.813,53.969,3777
  917,54006.617,56.808,3778
  918,54061.500,54.880,3781
  919,54115.289,53.793,3788
  920,54172.535,57.245,3794
  921,54224.055,51.518,3798
  922,54285.273,61.219,3811
  923,54339.441,54.170,3834
  924,54396.086,56.644,3853
  925,54451.676,55.587,3875
  926,54566.258,114.587,3891
  927,54596.430,30.170,3897
  928,54632.070,35.640,3902
  929,54683.484,51.412,3902
  930,54738.168,54.684,3908
  931,54795.914,57.749,3913
  932,54860.328,64.412,3919
  933,54907.762,47.434,3919
  934,54963.539,55.779,3919
  935,55026.895,63.353,3920
  936,55082.617,55.723,3923
  937,55134.594,51.980,3925
  938,55190.125,55.529,3927
  939,55247.602,57.475,3927
  940,55301.148,53.548,3926
  941,55352.691,51.541,3927
  942,55409.023,56.333,3927
  943,55465.316,56.293,3927
  944,55517.672,52.354,3929
  945,55577.164,59.492,3927
  946,55632.457,55.295,3926
  947,55686.590,54.133,3926
  948,55737.836,51.246,3927
  949,55796.133,58.299,3933
  950,55850.484,54.350,3933
  951,55907.164,56.676,3938
  952,55963.828,56.668,3942
  953,56016.297,52.469,3952
  954,56072.113,55.815,3953
  955,56127.023,54.909,3956
  956,56187.012,59.990,3956
  957,56242.258,55.247,3959
  958,56295.027,52.768,3964
  959,56350.156,55.129,3964
  960,56404.723,54.565,3964
  961,56459.266,54.548,3965
  962,56513.211,53.944,3963
  963,56568.895,55.681,3964
  964,56623.332,54.438,3964
  965,56677.695,54.362,3968
  966,56732.891,55.197,3962
  967,56787.020,54.130,3960
  968,56846.508,59.485,3962
  969,56906.508,60.003,3964
  970,56951.273,44.766,3966
  971,57011.121,59.850,3967
  972,57063.738,52.613,3966
  973,57121.816,58.077,3967
  974,57171.699,49.882,3966
  975,57230.348,58.649,3966
  976,57283.387,53.040,3967
  977,57339.129,55.747,3966
  978,57395.164,56.028,3966
  979,57449.488,54.327,3966
  980,57506.004,56.517,3966
  981,57562.348,56.343,3966
  982,57616.145,53.796,3966
  983,57673.324,57.179,3968
  984,57728.297,54.975,3968
  985,57785.922,57.624,3969
  986,57862.121,76.203,3964
  987,57896.297,34.175,3961
  988,57949.156,52.857,3961
  989,58003.473,54.315,3961
  990,58054.328,50.856,3958
  991,58113.164,58.833,3957
  992,58168.250,55.089,3958
  993,58223.563,55.314,3957
  994,58277.516,53.952,3957
  995,58331.176,53.660,3957
  996,58381.449,50.275,3957
  997,58434.957,53.507,3957
  998,58490.660,55.701,3957
  999,58543.820,53.161,3959
 1000,58598.207,54.386,3959
 1001,58648.914,50.709,3961
 1002,58700.996,52.081,3961
 1003,58755.609,54.617,3964
 1004,58808.113,52.503,3959
 1005,58867.813,59.695,3960
 1006,58918.379,50.566,3953
 1007,58967.895,49.517,3953
 1008,59022.094,54.201,3953
 1009,59076.336,54.240,3952
 1010,59128.258,51.922,3951
 1011,59184.777,56.522,3951
 1012,59238.488,53.708,3950
 1013,59292.203,53.718,3949
 1014,59346.758,54.555,3949
 1015,59398.395,51.633,3949
 1016,59450.551,52.158,3949
 1017,59510.891,60.340,3948
 1018,59565.879,54.988,3951
 1019,59615.848,49.968,3951
 1020,59669.340,53.491,3952
 1021,59727.910,58.572,3953
 1022,59782.840,54.929,3951
 1023,59839.691,56.854,3950
 1024,59892.234,52.540,3950
 1025,59946.617,54.386,3949
 1026,59997.777,51.160,3949
 1027,60057.449,59.672,3949
 1028,60116.180,58.729,3949
 1029,60167.309,51.126,3949
 1030,60221.414,54.110,3947
 1031,60275.379,53.962,3947
 1032,60332.762,57.385,3948
 1033,60385.301,52.538,3950
 1034,60434.668,49.368,3950
 1035,60492.840,58.170,3950
 1036,60549.637,56.795,3949
 1037,60599.559,49.926,3947
 1038,60650.578,51.021,3947
 1039,60706.176,55.594,3947
 1040,60761.859,55.684,3947
 1041,60819.875,58.016,3947
 1042,60874.188,54.311,3946
 1043,60932.969,58.780,3947
 1044,60987.926,54.961,3947
 1045,61043.141,55.212,3947
 1046,61093.320,50.181,3949
 1047,61158.594,65.273,3947
 1048,61211.164,52.572,3947
 1049,61264.156,52.992,3947
 1050,61314.723,50.568,3947
 1051,61371.617,56.895,3946
 1052,61426.973,55.350,3947
 1053,61482.430,55.460,3948
 1054,61533.289,50.859,3948
 1055,61591.273,57.986,3948
 1056,61645.457,54.186,3948
 1057,61700.492,55.031,3948
 1058,61750.617,50.129,3950
 1059,61809.938,59.316,3951
 1060,61858.070,48.135,3944
 1061,61910.418,52.346,3937
 1062,61964.371,53.954,3929
 1063,62019.176,54.804,3922
 1064,62075.141,55.964,3916
 1065,62130.176,55.036,3916
 1066,62182.375,52.199,3916
 1067,62237.180,54.802,3916
 1068,62291.992,54.813,3916
 1069,62345.836,53.847,3916
 1070,62397.879,52.042,3916
 1071,62451.012,53.132,3916
 1072,62505.754,54.744,3918
 1073,62562.137,56.380,3918
 1074,62618.516,56.380,3918
 1075,62672.773,54.261,3918
 1076,62728.313,55.534,3918
 1077,62784.492,56.181,3918
 1078,62838.520,54.027,3918
 1079,62893.535,55.016,3918
 1080,62947.496,53.961,3918
 1081,63002.473,54.975,3918
 1082,63056.137,53.664,3918
 1083,63112.684,56.550,3918
 1084,63167.020,54.336,3918
 1085,63220.551,53.531,3918
 1086,63274.113,53.563,3918
 1087,63330.176,56.062,3918
 1088,63384.270,54.095,3918
 1089,63437.461,53.187,3918
 1090,63489.828,52.367,3918
 1091,63545.922,56.097,3918
 1092,63601.355,55.434,3918
 1093,63654.965,53.606,3918
 1094,63708.758,53.797,3918
 1095,63762.887,54.128,3918
 1096,63817.891,55.006,3918
 1097,63872.777,54.887,3918
 1098,63927.055,54.275,3918
 1099,63982.906,55.853,3918
 1100,64037.121,54.217,3918
 1101,64088.637,51.511,3918
 1102,64145.484,56.845,3918
 1103,64198.027,52.548,3918
 1104,64251.270,53.243,3918
 1105,64307.520,56.248,3918
 1106,64359.500,51.980,3918
 1107,64416.578,57.080,3918
 1108,64470.113,53.533,3918
 1109,64522.195,52.081,3918
 1110,64578.586,56.394,3918
 1111,64633.125,54.537,3918
 1112,64687.309,54.181,3918
 1113,64738.840,51.532,3918
 1114,64794.820,55.979,3918
 1115,64848.102,53.286,3918
 1116,64902.023,53.921,3918
 1117,64956.941,54.919,3918
 1118,65010.988,54.043,3918
 1119,65065.746,54.759,3918
 1120,65118.348,52.603,3918
 1121,65172.066,53.721,3918
 1122,65226.203,54.135,3918
 1123,65286.320,60.116,3918
 1124,65335.434,49.113,3918
 1125,65387.609,52.180,3918
 1126,65441.668,54.054,3918
 1127,65495.594,53.926,3918
 1128,65551.391,55.792,3918
 1129,65600.133,48.747,3918
 1130,65654.063,53.925,3918
 1131,65709.328,55.271,3918
 1132,65761.445,52.115,3918
 1133,65814.680,53.235,3918
 1134,65868.273,53.596,3918
 1135,65921.727,53.452,3918
 1136,65975.547,53.817,3918
 1137,66028.266,52.723,3918
 1138,66084.000,55.736,3918
 1139,66134.953,50.948,3918
 1140,66185.281,50.335,3918
 1141,66241.375,56.090,3918
 1142,66294.320,52.945,3918
 1143,66347.203,52.881,3918
 1144,66400.438,53.235,3918
 1145,66453.250,52.817,3918
 1146,66506.086,52.834,3918
 1147,66558.539,52.451,3918
 1148,66612.320,53.785,3918
 1149,66667.102,54.776,3918
 1150,66720.906,53.804,3918
 1151,66773.516,52.611,3918
 1152,66827.625,54.114,3918
 1153,66877.727,50.097,3918
 1154,66933.094,55.365,3918
 1155,66986.289,53.199,3918
 1156,67041.414,55.124,3918
 1157,67093.305,51.895,3918
 1158,67147.055,53.743,3918
 1159,67198.211,51.163,3918
 1160,67252.875,54.658,3918
 1161,67305.766,52.890,3918
 1162,67356.039,50.269,3918
 1163,67410.781,54.745,3918
 1164,67465.109,54.335,3918
 1165,67519.656,54.549,3918
 1166,67573.063,53.397,3918
 1167,67628.094,55.035,3918
 1168,67680.680,52.591,3918
 1169,67732.813,52.128,3918
 1170,67788.766,55.951,3918
 1171,67839.586,50.822,3918
 1172,67893.016,53.433,3918
 1173,67947.156,54.142,3918
 1174,68001.258,54.101,3918
 1175,68055.898,54.638,3918
 1176,68104.703,48.804,3918
 1177,68158.484,53.778,3918
 1178,68205.563,47.086,3918
 1179,68258.914,53.347,3918
 1180,68310.352,51.439,3918
 1181,68363.328,52.977,3916
 1182,68415.961,52.637,3916
 1183,68466.961,50.994,3916
 1184,68518.320,51.366,3916
 1185,68571.039,52.712,3916
 1186,68619.383,48.338,3916
 1187,68670.867,51.494,3916
 1188,68722.289,51.423,3916
 1189,68773.781,51.487,3916
 1190,68825.648,51.874,3916
 1191,68875.477,49.823,3916
 1192,68927.984,52.506,3916
 1193,68980.164,52.178,3916
 1194,69028.820,48.658,3916
 1195,69081.070,52.247,3916
 1196,69131.109,50.038,3916
 1197,69182.219,51.115,3916
 1198,69233.602,51.386,3916
 1199,69285.641,52.035,3916
 1200,69335.102,49.462,3916
 1201,69386.141,51.035,3916
 1202,69434.469,48.328,3916
 1203,69488.320,53.854,3916
 1204,69538.781,50.462,3916
 1205,69588.680,49.900,3916
 1206,69638.344,49.669,3916
 1207,69690.961,52.610,3916
 1208,69743.063,52.103,3916
 1209,69794.445,51.383,3916
 1210,69844.219,49.770,3916
 1211,69893.344,49.130,3916
 1212,69946.844,53.500,3916
 1213,69995.188,48.339,3916
 1214,70047.172,51.989,3916
 1215,70097.773,50.594,3916
 1216,70148.391,50.618,3916
 1217,70199.250,50.865,3916
 1218,70251.188,51.932,3916
 1219,70305.523,54.342,3916
 1220,70353.930,48.409,3916
 1221,70404.859,50.922,3916
 1222,70454.609,49.756,3916
 1223,70506.211,51.601,3916
 1224,70558.180,51.968,3916
 1225,70608.055,49.874,3916
 1226,70659.938,51.881,3916
 1227,70710.898,50.965,3916
 1228,70761.797,50.896,3916
 1229,70812.250,50.457,3916
 1230,70862.258,50.004,3916
 1231,70913.750,51.490,3916
 1232,70965.266,51.522,3916
 1233,71013.266,47.998,3916
 1234,71064.992,51.730,3916
 1235,71116.883,51.882,3916
 1236,71169.094,52.209,3916
 1237,71222.281,53.193,3916
 1238,71270.906,48.626,3916
 1239,71323.609,52.706,3916
 1240,71373.352,49.739,3916
 1241,71423.094,49.737,3916
 1242,71477.094,53.998,3916
 1243,71526.648,49.560,3916
 1244,71576.539,49.890,3916
 1245,71627.648,51.115,3916
 1246,71676.977,49.322,3916
 1247,71728.000,51.031,3916
 1248,71778.594,50.585,3916
 1249,71829.250,50.656,3916
 1250,71876.336,47.089,3916
 1251,71929.266,52.928,3916
 1252,71983.188,53.924,3916
 1253,72031.867,48.676,3916
 1254,72082.141,50.278,3916
 1255,72132.391,50.246,3916
 1256,72182.484,50.097,3916
 1257,72231.141,48.657,3916
 1258,72283.430,52.287,3916
 1259,72333.750,50.321,3916
 1260,72385.789,52.037,3916
 1261,72437.383,51.595,3916
 1262,72487.789,50.407,3916
 1263,72538.727,50.933,3916
 1264,72591.547,52.822,3916
 1265,72641.695,50.148,3916
 1266,72691.289,49.602,3916
 1267,72741.727,50.432,3916
 1268,72791.977,50.256,3916
 1269,72845.125,53.140,3916
 1270,72895.195,50.076,3916
 1271,72946.055,50.856,3916
 1272,72996.273,50.225,3916
 1273,73048.766,52.486,3916
 1274,73100.094,51.325,3916
 1275,73151.156,51.062,3916
 1276,73207.031,55.872,3916
 1277,73258.563,51.543,3916
 1278,73312.672,54.112,3916
 1279,73365.969,53.294,3916
 1280,73418.633,52.664,3916
 1281,73468.891,50.255,3916
 1282,73520.383,51.485,3916
 1283,73574.391,54.013,3916
 1284,73627.305,52.916,3916
 1285,73679.492,52.183,3916
 1286,73732.313,52.828,3916
 1287,73782.742,50.418,3916
 1288,73835.695,52.958,3916
 1289,73888.578,52.889,3916
 1290,73940.898,52.321,3916
 1291,73992.977,52.072,3916
 1292,74045.211,52.234,3916
 1293,74096.188,50.981,3916
 1294,74149.789,53.594,3916
 1295,74204.547,54.762,3916
 1296,74256.094,51.546,3916
 1297,74306.859,50.765,3916
 1298,74360.641,53.785,3916
 1299,74412.711,52.063,3916
 1300,74465.492,52.789,3916
 1301,74517.258,51.766,3916
 1302,74569.203,51.944,3916
 1303,74622.164,52.955,3916
 1304,74673.102,50.941,3916
 1305,74722.648,49.551,3916
 1306,74773.813,51.157,3916
 1307,74825.234,51.425,3916
 1308,74877.047,51.814,3916
 1309,74928.828,51.783,3916
 1310,74981.078,52.245,3916
 1311,75032.492,51.416,3916
 1312,75083.961,51.470,3916
 1313,75136.922,52.960,3916
 1314,75189.938,53.015,3916
 1315,75243.047,53.103,3916
 1316,75292.836,49.800,3916
 1317,75344.938,52.100,3916
 1318,75394.500,49.556,3916
 1319,75445.570,51.080,3916
 1320,75492.898,47.322,3916
 1321,75544.031,51.133,3916
 1322,75591.305,47.277,3916
 1323,75641.305,49.997,3916
 1324,75690.430,49.124,3916
 1325,75739.758,49.328,3916
 1326,75790.641,50.886,3916
 1327,75839.188,48.542,3916
 1328,75889.313,50.135,3916
 1329,75941.703,52.377,3916
 1330,75990.195,48.498,3916
 1331,76039.195,49.003,3916
 1332,76088.461,49.263,3916
 1333,76135.039,46.576,3916
 1334,76185.523,50.491,3916
 1335,76235.070,49.539,3916
 1336,76283.750,48.678,3916
 1337,76332.602,48.859,3916
 1338,76380.117,47.509,3916
 1339,76428.078,47.960,3916
 1340,76479.039,50.963,3916
 1341,76528.305,49.276,3916
 1342,76575.383,47.067,3916
 1343,76625.828,50.445,3916
 1344,76673.305,47.483,3916
 1345,76718.430,45.119,3916
 1346,76769.250,50.826,3916
 1347,76818.258,49.012,3916
 1348,76867.242,48.980,3916
 1349,76915.602,48.356,3916
 1350,76960.133,44.535,3916
 1351,77007.203,47.072,3916
 1352,77056.148,48.940,3916
 1353,77104.797,48.649,3916
 1354,77156.180,51.386,3916
 1355,77203.961,47.784,3916
 1356,77252.266,48.305,3916
 1357,77298.266,45.995,3916
 1358,77346.836,48.574,3916
 1359,77396.203,49.362,3916
 1360,77446.484,50.279,3916
 1361,77495.180,48.698,3916
 1362,77545.031,49.845,3916
 1363,77589.930,44.910,3916
 1364,77639.828,49.898,3916
 1365,77688.148,48.316,3916
 1366,77736.547,48.404,3916
 1367,77782.969,46.417,3916
 1368,77833.125,50.151,3916
 1369,77880.898,47.782,3916
 1370,77929.844,48.946,3916
 1371,77975.398,45.552,3916
 1372,78023.672,48.277,3916
 1373,78074.133,50.458,3916
 1374,78121.328,47.200,3916
 1375,78168.430,47.093,3916
 1376,78214.648,46.225,3916
 1377,78262.047,47.389,3916
 1378,78310.828,48.786,3916
 1379,78357.641,46.819,3916
 1380,78407.063,49.416,3916
 1381,78454.742,47.673,3916
 1382,78501.898,47.161,3916
 1383,78549.234,47.339,3916
 1384,78598.234,49.001,3916
 1385,78646.102,47.866,3916
 1386,78694.148,48.043,3916
 1387,78741.328,47.182,3916
 1388,78790.305,48.983,3916
 1389,78838.734,48.424,3916
 1390,78887.563,48.828,3916
 1391,78935.086,47.521,3916
 1392,78982.977,47.892,3916
 1393,79030.773,47.795,3916
 1394,79079.492,48.724,3916
 1395,79126.453,46.957,3916
 1396,79174.586,48.137,3916
 1397,79221.414,46.819,3916
 1398,79270.570,49.163,3916
 1399,79318.883,48.313,3916
 1400,79366.719,47.834,3916
 1401,79415.898,49.181,3916
 1402,79462.258,46.359,3916
 1403,79511.359,49.100,3916
 1404,79558.914,47.559,3916
 1405,79608.977,50.061,3916
 1406,79656.781,47.799,3916
 1407,79704.148,47.372,3916
 1408,79751.461,47.310,3916
 1409,79799.820,48.358,3916
 1410,79847.055,47.235,3916
 1411,79898.742,51.691,3916
 1412,79943.977,45.237,3916
 1413,79991.766,47.786,3916
 1414,80031.047,39.279,3560
 1415,80072.563,41.519,3560
 1416,80118.930,46.372,3565
 1417,80159.156,40.219,3572
 1418,80198.758,39.598,3580
 1419,80237.461,38.710,3588
 1420,80281.938,44.478,3596
 1421,80323.234,41.299,3604
 1422,80365.164,41.922,3609
 1423,80405.305,40.149,3611
 1424,80445.211,39.902,3618
 1425,80488.133,42.919,3625
 1426,80529.953,41.824,3632
 1427,80573.172,43.217,3640
 1428,80615.078,41.907,3648
 1429,80650.070,34.985,3650
 1430,80692.461,42.394,3654
 1431,80737.813,45.356,3660
 1432,80779.500,41.684,3660
 1433,80820.992,41.499,3665
 1434,80857.094,36.096,3666
 1435,80899.352,42.255,3668
 1436,80936.180,36.834,3671
 1437,80974.719,38.530,3673
 1438,81013.930,39.216,3672
 1439,81054.148,40.218,3672
 1440,81097.430,43.281,3673
 1441,81131.758,34.328,3673
 1442,81170.992,39.243,3673
 1443,81211.430,40.431,3673
 1444,81252.398,40.966,3672
 1445,81291.477,39.076,3673
 1446,81329.805,38.330,3673
 1447,81370.516,40.715,3673
 1448,81408.703,38.185,3673
 1449,81449.086,40.380,3676
 1450,81486.516,37.430,3674
 1451,81527.516,41.005,3673
 1452,81568.625,41.115,3673
 1453,81607.094,38.460,3675
 1454,81643.789,36.694,3675
 1455,81682.992,39.207,3675
 1456,81722.031,39.036,3675
 1457,81760.242,38.218,3675
 1458,81799.258,39.010,3675
 1459,81838.359,39.099,3675
 1460,81877.758,39.403,3675
 1461,81915.500,37.744,3675
 1462,81955.414,39.908,3675
 1463,81993.617,38.205,3675
 1464,82031.945,38.334,3675
 1465,82070.875,38.924,3675
 1466,82110.617,39.746,3675
 1467,82149.758,39.135,3675
 1468,82190.070,40.310,3675
 1469,82228.211,38.148,3675
 1470,82268.906,40.696,3675
 1471,82309.844,40.937,3675
 1472,82347.141,37.297,3675
 1473,82385.836,38.696,3675
 1474,82425.641,39.807,3675
 1475,82465.586,39.943,3675
 1476,82503.938,38.352,3675
 1477,82543.219,39.278,3675
 1478,82582.008,38.789,3675
 1479,82622.367,40.357,3675
 1480,82662.078,39.710,3675
 1481,82702.492,40.414,3675
 1482,82741.563,39.072,3675
 1483,82781.305,39.747,3675
 1484,82819.484,38.177,3675
 1485,82857.656,38.175,3675
 1486,82896.125,38.467,3675
 1487,82937.203,41.075,3675
 1488,82974.195,36.991,3675
 1489,83014.086,39.895,3675
 1490,83051.352,37.262,3675
 1491,83091.305,39.959,3675
 1492,83130.391,39.076,3675
 1493,83169.320,38.936,3675
 1494,83208.492,39.169,3675
 1495,83249.203,40.715,3675
 1496,83288.055,38.847,3675
 1497,83328.992,40.941,3675
 1498,83369.594,40.602,3675
 1499,83407.578,37.984,3675
 1500,83446.484,38.901,3675
 1501,83487.203,40.721,3675
 1502,83526.813,39.611,3675
 1503,83566.578,39.764,3675
 1504,83607.320,40.746,3675
 1505,83647.531,40.208,3675
 1506,83687.961,40.437,3675
 1507,83725.852,37.885,3675
 1508,83764.805,38.953,3675
 1509,83804.891,40.086,3675
 1510,83844.258,39.372,3675
 1511,83882.930,38.672,3675
 1512,83922.594,39.657,3675
 1513,83962.273,39.680,3675
 1514,84003.156,40.880,3675
 1515,84042.602,39.452,3675
 1516,84079.906,37.301,3675
 1517,84120.023,40.119,3675
 1518,84158.648,38.625,3675
 1519,84197.438,38.790,3675
 1520,84237.484,40.046,3675
 1521,84276.445,38.962,3675
 1522,84316.047,39.598,3675
 1523,84357.203,41.158,3675
 1524,84394.750,37.548,3675
 1525,84435.156,40.403,3675
 1526,84474.992,39.845,3675
 1527,84516.609,41.616,3675
 1528,84556.883,40.273,3675
 1529,84595.734,38.848,3675
 1530,84638.289,42.560,3675
 1531,84677.938,39.644,3675
 1532,84716.922,38.983,3675
 1533,84756.688,39.759,3675
 1534,84797.227,40.549,3675
 1535,84838.656,41.428,3675
 1536,84879.516,40.854,3675
 1537,84920.625,41.118,3675
 1538,84960.930,40.305,3675
 1539,85002.648,41.718,3675
 1540,85043.211,40.560,3675
 1541,85085.563,42.347,3675
 1542,85125.813,40.255,3675
 1543,85166.750,40.934,3675
 1544,85208.016,41.261,3675
 1545,85248.852,40.838,3675
 1546,85291.797,42.943,3675
 1547,85331.273,39.486,3675
 1548,85372.258,40.985,3675
 1549,85411.508,39.247,3675
 1550,85451.859,40.346,3675
 1551,85490.844,38.986,3675
 1552,85532.023,41.181,3675
 1553,85572.461,40.438,3675
 1554,85613.180,40.718,3675
 1555,85654.484,41.309,3675
 1556,85694.367,39.873,3675
 1557,85734.750,40.387,3675
 1558,85774.836,40.090,3675
 1559,85817.016,42.170,3675
 1560,85854.719,37.708,3675
 1561,85895.047,40.330,3675
 1562,85934.938,39.892,3675
 1563,85975.422,40.479,3675
 1564,86014.945,39.528,3675
 1565,86054.703,39.755,3675
 1566,86095.883,41.187,3675
 1567,86136.531,40.646,3675
 1568,86177.320,40.792,3675
 1569,86218.820,41.491,3675
 1570,86259.469,40.654,3675
 1571,86301.289,41.822,3675
 1572,86341.672,40.376,3675
 1573,86383.477,41.809,3675
 1574,86423.469,39.993,3675
 1575,86463.766,40.293,3675
 1576,86504.711,40.949,3675
 1577,86544.852,40.140,3675
 1578,86586.297,41.445,3675
 1579,86627.977,41.685,3675
 1580,86669.430,41.450,3675
 1581,86708.156,38.723,3675
 1582,86746.844,38.692,3675
 1583,86786.266,39.422,3675
 1584,86825.977,39.713,3675
 1585,86864.461,38.480,3675
 1586,86903.766,39.299,3675
 1587,86942.344,38.583,3675
 1588,86981.906,39.567,3675
 1589,87021.406,39.491,3675
 1590,87060.563,39.164,3675
 1591,87100.273,39.709,3675
 1592,87139.211,38.938,3675
 1593,87177.672,38.456,3675
 1594,87215.883,38.218,3675
 1595,87255.492,39.606,3675
 1596,87294.641,39.151,3675
 1597,87334.031,39.387,3675
 1598,87374.289,40.262,3675
 1599,87413.023,38.729,3675
 1600,87451.828,38.810,3675
 1601,87492.242,40.408,3675
 1602,87532.461,40.222,3675
 1603,87571.156,38.694,3675
 1604,87611.195,40.037,3675
 1605,87649.648,38.463,3675
 1606,87690.609,40.955,3675
 1607,87729.250,38.638,3675
 1608,87768.578,39.327,3675
 1609,87806.516,37.939,3675
 1610,87844.297,37.786,3675
 1611,87883.844,39.544,3675
 1612,87923.219,39.379,3675
 1613,87963.367,40.136,3675
 1614,88001.602,38.243,3675
 1615,88041.203,39.603,3675
 1616,88079.336,38.124,3675
 1617,88118.023,38.693,3675
 1618,88157.531,39.508,3675
 1619,88195.805,38.275,3675
 1620,88235.516,39.708,3675
 1621,88274.273,38.764,3675
 1622,88312.766,38.488,3675
 1623,88350.727,37.961,3675
 1624,88391.016,40.284,3675
 1625,88427.930,36.924,3675
 1626,88468.359,40.423,3675
 1627,88505.250,36.890,3675
 1628,88545.086,39.838,3675
 1629,88583.055,37.966,3675
 1630,88622.164,39.114,3675
 1631,88661.016,38.845,3675
 1632,88699.016,37.998,3675
 1633,88739.047,40.034,3675
 1634,88776.688,37.640,3675
 1635,88815.547,38.862,3675
 1636,88855.961,40.419,3675
 1637,88892.680,36.716,3675
 1638,88933.914,41.238,3675
 1639,88969.266,35.348,3675
 1640,89009.461,40.195,3675
 1641,89047.664,38.202,3675
 1642,89086.406,38.742,3675
 1643,89125.172,38.768,3675
 1644,89163.867,38.697,3675
 1645,89203.086,39.215,3675
 1646,89243.719,40.634,3675
 1647,89282.086,38.369,3675
 1648,89320.586,38.501,3675
 1649,89362.094,41.503,3675
 1650,89399.633,37.548,3675
 1651,89437.734,38.096,3675
 1652,89476.508,38.771,3675
 1653,89514.836,38.332,3675
 1654,89553.984,39.149,3675
 1655,89592.180,38.193,3675
 1656,89631.602,39.426,3675
 1657,89670.898,39.296,3675
 1658,89709.477,38.576,3675
 1659,89748.211,38.732,3675
 1660,89787.203,38.992,3675
 1661,89826.352,39.147,3675
 1662,89865.398,39.047,3675
 1663,89903.289,37.895,3675
 1664,89943.523,40.232,3675
 1665,89982.438,38.909,3675
 1666,90020.195,37.765,3675
 1667,90058.250,38.051,3675
 1668,90097.297,39.048,3675
 1669,90135.164,37.868,3675
 1670,90173.242,38.077,3675
 1671,90212.109,38.867,3675
 1672,90250.195,38.084,3675
 1673,90287.453,37.262,3675
 1674,90327.680,40.223,3675
 1675,90366.680,38.999,3675
 1676,90404.469,37.795,3675
 1677,90442.461,37.985,3675
 1678,90479.391,36.934,3675
 1679,90518.273,38.889,3675
 1680,90557.102,38.820,3675
 1681,90595.281,38.180,3675
 1682,90634.008,38.721,3675
 1683,90672.164,38.162,3675
 1684,90709.445,37.280,3675
 1685,90749.695,40.252,3675
 1686,90787.719,38.024,3675
 1687,90826.188,38.468,3675
 1688,90864.180,37.991,3675
 1689,90902.211,38.034,3675
 1690,90941.836,39.627,3675
 1691,90978.852,37.009,3675
 1692,91015.328,36.475,3675
 1693,91052.141,36.814,3675
 1694,91090.523,38.384,3675
 1695,91127.859,37.336,3675
 1696,91166.438,38.576,3675
 1697,91202.836,36.407,3675
 1698,91240.125,37.283,3675
 1699,91278.859,38.736,3675
 1700,91316.930,38.076,3675
 1701,91353.789,36.855,3675
 1702,91392.102,38.314,3675
 1703,91428.250,36.147,3675
 1704,91466.367,38.110,3675
 1705,91503.172,36.807,3675
 1706,91540.820,37.648,3675
 1707,91578.484,37.670,3675
 1708,91616.219,37.735,3675
 1709,91654.945,38.726,3675
 1710,91690.977,36.031,3675
 1711,91728.961,37.982,3675
 1712,91767.422,38.460,3675
 1713,91803.250,35.835,3675
 1714,91840.125,36.869,3675
 1715,91878.734,38.605,3675
 1716,91915.406,36.672,3675
 1717,91951.445,36.039,3675
 1718,91987.633,36.199,3675
 1719,92026.836,39.200,3675
 1720,92064.453,37.612,3675
 1721,92099.359,34.905,3675
 1722,92136.102,36.744,3675
 1723,92173.555,37.452,3675
 1724,92209.539,35.987,3675
 1725,92246.188,36.651,3675
 1726,92282.383,36.189,3675
 1727,92317.672,35.286,3675
 1728,92354.805,37.139,3675
 1729,92391.891,37.085,3675
 1730,92429.742,37.853,3675
 1731,92465.000,35.251,3675
 1732,92502.086,37.094,3675
 1733,92540.391,38.301,3675
 1734,92580.070,39.678,3675
 1735,92611.383,31.314,3675
 1736,92649.234,37.858,3675
 1737,92686.672,37.432,3675
 1738,92723.305,36.639,3675
 1739,92761.227,37.919,3675
 1740,92795.523,34.300,3675
 1741,92832.516,36.986,3675
 1742,92869.000,36.486,3675
 1743,92905.406,36.404,3675
 1744,92941.391,35.987,3675
 1745,92978.906,37.514,3675
 1746,93015.391,36.482,3675
 1747,93052.563,37.178,3675
 1748,93089.617,37.057,3675
 1749,93125.359,35.737,3675
 1750,93160.953,35.600,3675
 1751,93198.141,37.181,3675
 1752,93234.914,36.779,3675
 1753,93272.906,37.991,3675
 1754,93307.813,34.902,3675
 1755,93343.602,35.788,3675
 1756,93380.781,37.177,3675
 1757,93416.758,35.976,3675
 1758,93453.672,36.914,3675
 1759,93489.930,36.265,3675
 1760,93524.586,34.659,3675
 1761,93561.336,36.743,3675
 1762,93596.773,35.437,3675
 1763,93632.898,36.132,3675
 1764,93669.570,36.667,3675
 1765,93706.047,36.475,3675
 1766,93743.938,37.892,3675
 1767,93779.297,35.364,3675
 1768,93816.234,36.935,3675
 1769,93852.805,36.572,3675
 1770,93889.711,36.898,3675
 1771,93926.875,37.172,3675
 1772,93962.258,35.380,3675
 1773,93999.570,37.313,3675
 1774,94033.906,34.334,3675
 1775,94070.508,36.605,3675
 1776,94104.836,34.322,3675
 1777,94143.320,38.482,3675
 1778,94181.094,37.781,3675
 1779,94214.578,33.489,3675
 1780,94250.336,35.745,3675
 1781,94289.039,38.709,3675
 1782,94324.305,35.268,3675
 1783,94361.070,36.760,3675
 1784,94396.867,35.803,3675
 1785,94433.570,36.705,3675
 1786,94470.156,36.584,3675
 1787,94507.063,36.906,3675
 1788,94544.039,36.968,3675
 1789,94581.430,37.400,3675
 1790,94616.734,35.303,3675
 1791,94653.906,37.169,3675
 1792,94690.430,36.527,3675
 1793,94728.961,38.537,3675
 1794,94765.953,36.990,3675
 1795,94800.320,34.358,3675
 1796,94838.180,37.863,3675
 1797,94875.563,37.383,3675
 1798,94911.930,36.373,3675
 1799,94947.555,35.617,3675
 1800,94983.719,36.160,3675
 1801,95021.594,37.886,3675
 1802,95059.359,37.760,3675
 1803,95095.953,36.602,3675
 1804,95132.422,36.459,3675
 1805,95171.820,39.398,3675
 1806,95208.531,36.714,3675
 1807,95247.094,38.560,3675
 1808,95284.266,37.175,3675
 1809,95320.805,36.540,3675
 1810,95358.344,37.536,3675
 1811,95396.617,38.278,3675
 1812,95434.766,38.146,3675
 1813,95472.414,37.645,3675
 1814,95508.328,35.916,3675
 1815,95546.727,38.397,3675
 1816,95585.195,38.473,3675
 1817,95622.914,37.722,3675
 1818,95660.813,37.893,3675
 1819,95700.367,39.555,3675
 1820,95736.930,36.562,3675
 1821,95779.359,42.428,3675
 1822,95812.844,33.488,3675
 1823,95851.164,38.322,3675
 1824,95891.211,40.042,3675
 1825,95926.148,34.935,3675
 1826,95964.680,38.528,3675
 1827,96001.820,37.148,3675
 1828,96038.719,36.893,3675
 1829,96078.656,39.938,3675
 1830,96114.195,35.543,3675
 1831,96155.922,41.732,3675
 1832,96194.469,38.545,3675
 1833,96230.539,36.067,3675
 1834,96269.523,38.988,3675
 1835,96308.102,38.575,3675
 1836,96345.000,36.892,3675
 1837,96382.961,37.968,3675
 1838,96422.438,39.479,3675
 1839,96461.398,38.960,3675
 1840,96499.148,37.747,3675
 1841,96537.789,38.644,3675
 1842,96574.180,36.390,3675
 1843,96612.438,38.252,3675
 1844,96651.563,39.129,3675
 1845,96692.664,41.097,3675
 1846,96728.633,35.975,3675
 1847,96768.773,40.140,3675
 1848,96809.297,40.525,3675
 1849,96846.164,36.861,3675
 1850,96885.352,39.188,3675
 1851,96927.477,42.124,3675
 1852,96964.836,37.368,3675
 1853,97002.742,37.896,3675
 1854,97041.172,38.434,3675
 1855,97080.781,39.608,3675
 1856,97118.086,37.308,3675
 1857,97157.945,39.861,3675
 1858,97195.344,37.390,3675
 1859,97234.609,39.274,3675
 1860,97274.195,39.581,3675
 1861,97314.750,40.554,3675
 1862,97352.469,37.722,3675
 1863,97391.570,39.101,3675
 1864,97428.578,37.009,3675
 1865,97612.258,183.679,3675
 1866,97652.883,40.628,3675
 1867,97692.133,39.248,3675
 1868,97729.984,37.845,3675
 1869,97770.867,40.887,3675
 1870,97812.164,41.295,3675
 1871,97851.844,39.683,3675
 1872,97891.555,39.712,3675
 1873,97930.359,38.805,3675
 1874,97970.531,40.171,3675
 1875,98009.406,38.871,3675
 1876,98048.609,39.211,3675
 1877,98088.594,39.983,3675
 1878,98126.125,37.525,3675
 1879,98164.664,38.542,3675
 1880,98205.938,41.280,3675
 1881,98243.375,37.427,3675
 1882,98431.727,188.353,3675
 1883,98472.438,40.709,3675
 1884,98513.844,41.414,3675
 1885,98551.094,37.245,3675
 1886,98590.203,39.116,3675
 1887,98631.852,41.644,3675
 1888,98668.594,36.747,3675
 1889,98711.594,43.000,3675
 1890,98750.727,39.125,3675
 1891,98789.016,38.292,3675
 1892,98976.547,187.537,3675
 1893,99019.961,43.410,3675
 1894,99062.859,42.900,3675
 1895,99100.180,37.315,3675
 1896,99143.898,43.725,3675
 1897,99183.883,39.984,3675
 1898,99227.125,43.237,3675
 1899,99268.539,41.419,3675
 1900,99308.852,40.306,3675
 1901,99351.281,42.433,3675
 1902,99389.641,38.356,3675
 1903,99434.766,45.124,3675
 1904,99474.258,39.498,3675
 1905,99514.961,40.702,3675
 1906,99598.898,83.937,3675
 1907,99642.859,43.960,3675
 1908,99688.125,45.263,3675
 1909,99726.602,38.482,3675
 1910,99767.742,41.136,3675
 1911,99815.172,47.433,3675
 1912,99852.930,37.762,3675
 1913,99897.188,44.254,3675
 1914,99939.500,42.312,3675
 1915,100023.328,83.823,3675
 1916,100067.727,44.404,3675
 1917,100113.414,45.683,3675
 1918,100158.242,44.831,3675
 1919,100200.188,41.950,3675
 1920,100249.492,49.301,3675
 1921,100289.133,39.637,3675
 1922,100336.664,47.531,3675
 1923,100379.148,42.491,3675
 1924,100427.516,48.362,3675
 1925,100466.023,38.509,3675
 1926,100510.758,44.736,3675
 1927,100557.289,46.534,3675
 1928,100600.508,43.217,3675
 1929,100646.500,45.990,3675
 1930,100692.180,45.678,3675
 1931,100731.031,38.854,3675
 1932,100776.953,45.922,3675
 1933,100820.375,43.421,3675
 1934,100864.180,43.802,3675
 1935,100911.281,47.106,3675
 1936,100953.781,42.494,3675
 1937,100998.383,44.601,3675
 1938,101095.922,97.545,3675
 1939,101141.156,45.237,3675
 1940,101187.242,46.088,3675
 1941,101230.391,43.137,3675
 1942,101277.641,47.256,3675
 1943,101319.398,41.757,3675
 1944,101366.188,46.788,3675
 1945,101413.461,47.278,3675
 1946,101458.688,45.223,3675
 1947,101504.305,45.614,3675
 1948,101547.180,42.881,3675
 1949,101596.602,49.421,3675
 1950,101644.492,47.893,3675
 1951,101682.070,37.574,3675
 1952,101734.875,52.808,3675
 1953,101779.813,44.933,3675
 1954,101823.617,43.806,3675
 1955,101865.203,41.591,3675
 1956,101909.984,44.771,3675
 1957,102042.305,132.321,3675
 1958,102088.711,46.412,3675
 1959,102133.938,45.227,3675
 1960,102183.453,49.511,3675
 1961,102231.375,47.926,3675
 1962,102281.016,49.637,3675
 1963,102324.086,43.071,3675
 1964,102369.398,45.313,3675
 1965,102418.180,48.782,3675
 1966,102468.547,50.372,3675
 1967,102510.047,41.496,3675
 1968,102557.523,47.479,3675
 1969,102606.484,48.959,3675
 1970,102649.508,43.027,3675
 1971,102697.727,48.210,3675
 1972,102748.711,50.985,3675
 1973,102796.531,47.822,3675
 1974,102843.805,47.277,3675
 1975,102888.391,44.583,3675
 1976,102937.891,49.503,3675
 1977,102982.547,44.657,3675
 1978,103034.805,52.253,3675
 1979,103082.586,47.789,3675
 1980,103126.852,44.264,3675
 1981,103178.883,52.033,3675
 1982,103225.141,46.257,3675
 1983,103269.891,44.751,3675
 1984,103318.211,48.318,3675
 1985,103367.039,48.821,3675
 1986,103417.063,50.025,3675
 1987,103461.141,44.081,3675
 1988,103513.414,52.270,3675
 1989,103558.023,44.606,3675
 1990,103605.570,47.558,3675
 1991,103659.992,54.418,3675
 1992,103708.844,48.852,3675
 1993,103751.406,42.563,3675
 1994,103801.969,50.557,3675
 1995,103852.063,50.095,3675
 1996,103897.664,45.599,3675
 1997,103950.172,52.513,3675
 1998,103999.164,48.994,3675
 1999,104048.586,49.420,3675
 2000,104092.836,44.250,3675
 2001,104142.109,49.270,3675
 2002,104193.039,50.931,3675
 2003,104244.492,51.453,3675
 2004,104288.359,43.864,3675
 2005,104338.086,49.730,3675
 2006,104386.148,48.066,3675
 2007,104437.711,51.558,3675
 2008,104484.773,47.062,3675
 2009,104538.836,54.069,3675
 2010,104583.656,44.816,3675
 2011,104634.422,50.766,3675
 2012,104682.297,47.874,3675
 2013,104735.914,53.620,3675
 2014,104782.570,46.660,3675
 2015,104836.820,54.244,3675
 2016,104878.078,41.255,3675
 2017,104931.305,53.224,3675
 2018,104980.500,49.205,3675
 2019,105031.297,50.791,3675
 2020,105075.898,44.608,3675
 2021,105130.297,54.387,3675
 2022,105180.070,49.784,3675
 2023,105231.078,51.002,3675
 2024,105275.766,44.693,3675
 2025,105330.609,54.845,3675
 2026,105381.031,50.417,3675
 2027,105427.438,46.408,3675
 2028,105481.547,54.111,3675
 2029,105533.266,51.722,3675
 2030,105581.188,47.916,3675
 2031,105634.055,52.868,3675
 2032,105684.750,50.691,3675
 2033,105731.078,46.329,3675
 2034,105787.188,56.118,3675
 2035,105841.031,53.834,3675
 2036,105889.672,48.638,3675
 2037,105938.070,48.408,3675
 2038,105991.203,53.128,3675
 2039,106044.508,53.311,3675
 2040,106094.242,49.732,3675
 2041,106138.883,44.641,3675
 2042,106195.141,56.257,3675
 2043,106244.469,49.330,3675
 2044,106294.477,50.006,3675
 2045,106346.695,52.213,3675
 2046,106393.719,47.030,3675
 2047,106446.641,52.915,3675
 2048,106497.781,51.148,3675
 2049,106549.813,52.025,3675
 2050,106601.789,51.978,3675
 2051,106654.469,52.681,3675
 2052,106708.016,53.547,3675
 2053,106757.523,49.511,3675
 2054,106808.539,51.016,3675
 2055,106865.836,57.296,3675
 2056,106916.820,50.985,3675
 2057,106967.344,50.519,3675
 2058,107014.578,47.235,3675
 2059,107068.992,54.415,3675
 2060,107123.984,54.989,3675
 2061,107171.813,47.834,3675
 2062,107224.367,52.553,3675
 2063,107278.219,53.854,3675
 2064,107328.016,49.794,3675
 2065,107385.430,57.417,3675
 2066,107433.320,47.881,3675
 2067,107493.188,59.878,3675
 2068,107545.148,51.954,3675
 2069,107594.609,49.463,3675
 2070,107644.352,49.738,3675
 2071,107696.406,52.060,3675
 2072,107751.727,55.320,3675
 2073,107802.609,50.886,3675
 2074,107851.750,49.132,3675
 2075,107908.023,56.279,3675
 2076,107955.172,47.151,3675
 2077,108016.016,60.835,3675
 2078,108065.898,49.889,3675
 2079,108115.273,49.380,3675
 2080,108171.023,55.740,3675
 2081,108227.398,56.381,3675
 2082,108274.438,47.037,3675
 2083,108328.414,53.976,3675
 2084,108384.156,55.744,3675
 2085,108437.219,53.065,3675
 2086,108486.563,49.345,3675
 2087,108542.125,55.558,3675
 2088,108596.164,54.037,3675
 2089,108647.219,51.056,3675
 2090,108697.742,50.525,3675
 2091,108753.625,55.878,3675
 2092,108803.484,49.863,3675
 2093,108855.266,51.789,3675
 2094,108910.258,54.991,3675
 2095,108958.242,47.981,3675
 2096,109017.180,58.934,3675
 2097,109070.781,53.604,3675
 2098,109121.844,51.060,3675
 2099,109177.844,56.003,3675
 2100,109229.195,51.352,3675
 2101,109283.680,54.477,3675
 2102,109336.109,52.433,3675
 2103,109391.367,55.260,3675
 2104,109447.391,56.023,3675
 2105,109504.000,56.607,3675
 2106,109556.180,52.185,3675
 2107,109604.766,48.581,3675
 2108,109663.375,58.612,3675
 2109,109717.992,54.615,3675
 2110,109771.500,53.511,3675
 2111,109827.422,55.922,3675
 2112,109876.961,49.531,3675
 2113,109931.461,54.509,3675
 2114,109983.773,52.311,3675
 2115,110043.797,60.019,3675
 2116,110094.664,50.871,3675
 2117,110147.742,53.076,3675
 2118,110204.391,56.646,3675
 2119,110262.234,57.849,3675
 2120,110312.758,50.524,3675
 2121,110369.813,57.056,3675
 2122,110422.117,52.297,3675
 2123,110477.977,55.860,3675
 2124,110531.750,53.775,3675
 2125,110586.211,54.461,3675
 2126,110645.633,59.418,3675
 2127,110703.891,58.262,3675
 2128,110756.148,52.260,3675
 2129,110806.023,49.869,3675
 2130,110868.602,62.587,3675
 2131,110916.586,47.982,3675
 2132,110968.359,51.771,3675
 2133,111026.797,58.439,3675
 2134,111078.164,51.366,3675
 2135,111130.602,52.445,3675
 2136,111189.688,59.079,3675
 2137,111240.273,50.590,3675
 2138,111294.516,54.240,3675
 2139,111346.273,51.764,3675
 2140,111398.938,52.662,3675
 2141,111454.063,55.121,3675
 2142,111514.234,60.173,3675
 2143,111563.883,49.645,3675
 2144,111617.234,53.359,3675
 2145,111674.695,57.452,3675
 2146,111725.398,50.703,3675
 2147,111779.680,54.282,3675
 2148,111840.914,61.238,3675
 2149,111894.070,53.153,3675
 2150,111952.133,58.066,3675
 2151,112009.766,57.634,3675
 2152,112063.523,53.754,3675
 2153,112123.992,60.468,3675
 2154,112176.047,52.056,3675
 2155,112240.906,64.863,3675
 2156,112297.672,56.755,3675
 2157,112357.273,59.613,3675
 2158,112415.828,58.551,3675
 2159,112476.664,60.833,3675
 2160,112532.133,55.470,3675
 2161,112590.625,58.486,3675
 2162,112654.344,63.721,3675
 2163,112710.281,55.942,3675
 2164,112770.875,60.597,3675
 2165,112833.836,62.960,3675
 2166,112893.789,59.951,3675
 2167,112956.555,62.769,3675
 2168,113017.734,61.174,3675
 2169,113076.992,59.254,3675
 2170,113141.063,64.078,3675
 2171,113197.766,56.701,3675
 2172,113258.406,60.639,3675
 2173,113322.086,63.678,3675
 2174,113381.813,59.733,3675
 2175,113442.867,61.057,3675
 2176,113500.031,57.157,3675
 2177,113562.781,62.754,3675
 2178,113626.688,63.905,3675
 2179,113685.180,58.491,3675
 2180,113744.195,59.019,3675
 2181,113805.398,61.200,3675
 2182,113872.344,66.939,3675
 2183,113933.883,61.545,3675
 2184,113993.461,59.577,3675
 2185,114053.680,60.219,3675
 2186,114118.656,64.976,3675
 2187,114172.086,53.433,3675
 2188,114237.367,65.279,3675
 2189,114296.867,59.506,3675
 2190,114358.758,61.888,3675
 2191,114421.055,62.294,3675
 2192,114478.547,57.499,3675
 2193,114542.266,63.718,3675
 2194,114604.102,61.834,3675
 2195,114669.773,65.666,3675
 2196,114729.563,59.796,3675
 2197,114788.203,58.640,3675
 2198,114849.648,61.437,3675
 2199,114913.688,64.038,3675
 2200,114973.430,59.745,3675
 2201,115035.906,62.480,3675
 2202,115101.156,65.247,3675
 2203,115158.797,57.644,3675
 2204,115222.070,63.274,3675
 2205,115284.164,62.093,3675
 2206,115345.914,61.749,3675
 2207,115409.227,63.317,3675
 2208,115471.086,61.851,3675
 2209,115535.648,64.562,3675
 2210,115589.680,54.031,3675
 2211,115654.250,64.580,3675
 2212,115710.180,55.925,3675
 2213,115775.844,65.664,3675
 2214,115835.953,60.104,3675
 2215,115893.367,57.413,3675
 2216,115951.492,58.129,3675
 2217,116015.367,63.873,3675
 2218,116070.594,55.230,3675
 2219,116133.891,63.298,3675
 2220,116188.172,54.285,3675
 2221,116251.875,63.700,3675
 2222,116313.016,61.133,3675
 2223,116370.742,57.729,3675
 2224,116435.484,64.744,3675
 2225,116493.570,58.095,3675
 2226,116557.680,64.098,3675
 2227,116624.102,66.426,3675
 2228,116683.883,59.785,3675
 2229,116746.258,62.378,3675
 2230,116811.859,65.595,3675
 2231,116872.352,60.491,3675
 2232,116935.125,62.775,3675
 2233,116995.211,60.088,3675
 2234,117062.844,67.632,3675
 2235,117121.406,58.560,3675
 2236,117189.609,68.196,3675
 2237,117247.930,58.329,3675
 2238,117310.344,62.414,3675
 2239,117372.422,62.075,3675
 2240,117434.367,61.949,3675
 2241,117492.664,58.295,3675
 2242,117554.789,62.122,3675
 2243,117620.742,65.959,3675
 2244,117677.711,56.964,3675
 2245,117742.273,64.560,3675
 2246,117804.297,62.027,3675
 2247,117862.086,57.791,3675
 2248,117928.391,66.302,3675
 2249,117985.305,56.915,3675
 2250,118048.242,62.945,3675
 2251,118111.117,62.868,3675
 2252,118171.063,59.947,3675
 2253,118236.195,65.132,3675
 2254,118293.406,57.209,3675
 2255,118361.750,68.345,3675
 2256,118420.914,59.170,3675
 2257,118481.813,60.890,3675
 2258,118544.148,62.344,3675
 2259,118613.070,68.915,3675
 2260,118682.078,69.009,3675
 2261,118742.680,60.604,3675
 2262,118806.375,63.694,3675
 2263,118873.547,67.174,3675
 2264,118944.211,70.661,3675
 2265,119003.875,59.671,3675
 2266,119067.852,63.971,3675
 2267,119126.078,58.225,3675
 2268,119197.383,71.307,3675
 2269,119254.984,57.595,3675
 2270,119314.688,59.704,3675
 2271,119386.414,71.730,3675
 2272,119449.828,63.414,3675
 2273,119516.609,66.780,3675
 2274,119584.375,67.765,3675
 2275,119646.250,61.883,3675
 2276,119718.047,71.791,3675
 2277,119778.469,60.420,3675
 2278,119840.117,61.652,3675
 2279,119908.133,68.019,3675
 2280,119971.914,63.777,3675
 2281,120033.797,61.880,3675
 2282,120104.570,70.778,3675
 2283,120172.008,67.432,3675
 2284,120234.695,62.687,3675
 2285,120301.133,66.441,3675
 2286,120365.570,64.444,3675
 2287,120439.461,73.882,3675
 2288,120500.148,60.692,3675
 2289,120570.117,69.966,3675
 2290,120641.063,70.943,3675
 2291,120704.109,63.049,3675
 2292,120771.094,66.983,3675
 2293,120836.789,65.701,3675
 2294,120907.438,70.642,3675
 2295,120974.742,67.309,3675
 2296,121042.219,67.478,3675
 2297,121102.625,60.397,3675
 2298,121176.797,74.176,3675
 2299,121241.938,65.139,3675
 2300,121318.406,76.470,3675
 2301,121384.305,65.898,3675
 2302,121445.711,61.409,3675
 2303,121511.648,65.936,3675
 2304,121574.852,63.208,3675
 2305,121641.977,67.115,3675
 2306,121706.055,64.082,3675
 2307,121773.734,67.684,3675
 2308,121841.789,68.053,3675
 2309,121908.109,66.321,3675
 2310,121974.992,66.881,3675
 2311,122047.563,72.572,3675
 2312,122109.758,62.196,3675
 2313,122177.211,67.456,3675
 2314,122250.555,73.345,3675
 2315,122319.867,69.309,3675
 2316,122384.586,64.722,3675
 2317,122448.297,63.699,3675
 2318,122514.375,66.086,3675
 2319,122578.305,63.926,3675
 2320,122650.977,72.675,3675
 2321,122721.047,70.072,3675
 2322,122790.570,69.524,3675
 2323,122853.688,63.117,3675
 2324,122917.648,63.957,3675
 2325,122984.492,66.844,3675
 2326,123045.703,61.211,3675
 2327,123124.555,78.859,3675
 2328,123180.641,56.078,3675
 2329,123239.133,58.495,3675
 2330,123305.297,66.159,3675
 2331,123369.414,64.124,3675
 2332,123431.719,62.299,3675
 2333,123502.633,70.912,3675
 2334,123559.672,57.044,3675
 2335,123627.945,68.272,3675
 2336,123691.766,63.819,3675
 2337,123757.625,65.858,3675
 2338,123819.930,62.307,3675
 2339,123884.445,64.521,3675
 2340,123947.789,63.341,3675
 2341,124022.047,74.258,3675
 2342,124073.813,51.763,3675
 2343,124140.992,67.182,3675
 2344,124206.711,65.719,3675
 2345,124273.344,66.631,3675
 2346,124329.711,56.369,3675
 2347,124393.078,63.366,3675
 2348,124457.719,64.636,3675
 2349,124516.352,58.638,3675
 2350,124596.898,80.553,3675
 2351,124643.164,46.260,3675
 2352,124712.406,69.238,3675
 2353,124785.195,72.798,3675
 2354,124837.289,52.089,3675
 2355,124910.469,73.181,3675
 2356,124977.609,67.137,3675
 2357,125044.094,66.484,3675
 2358,125111.023,66.932,3675
 2359,125170.336,59.311,3675
 2360,125234.461,64.130,3675
 2361,125298.234,63.770,3675
 2362,125370.414,72.180,3675
 2363,125432.664,62.248,3675
 2364,125495.609,62.944,3675
 2365,125560.297,64.683,3675
 2366,125624.242,63.959,3675
 2367,125687.367,63.117,3675
 2368,125754.438,67.071,3675
 2369,125819.172,64.734,3675
 2370,125878.266,59.090,3675
 2371,125945.781,67.520,3675
 2372,126007.273,61.491,3675
 2373,126065.477,58.206,3675
 2374,126131.453,65.974,3675
 2375,126199.961,68.503,3675
 2376,126263.375,63.419,3675
 2377,126338.367,74.993,3675
 2378,126398.844,60.476,3675
 2379,126469.953,71.104,3675
 2380,126538.133,68.184,3675
 2381,126604.672,66.537,3675
 2382,126663.688,59.017,3675
 2383,126734.594,70.903,3675
 2384,126795.422,60.832,3675
 2385,126864.758,69.337,3675
 2386,126925.414,60.654,3675
 2387,126996.633,71.216,3675
 2388,127060.141,63.513,3675
 2389,127126.617,66.471,3675
 2390,127184.477,57.865,3675
 2391,127249.508,65.038,3675
 2392,127312.031,62.517,3675
 2393,127377.594,65.563,3675
 2394,127441.477,63.886,3675
 2395,127511.695,70.216,3675
 2396,127568.289,56.588,3675
 2397,127636.930,68.643,3675
 2398,127711.477,74.550,3675
 2399,127774.375,62.896,3675
 2400,127841.664,67.288,3675
 2401,127905.828,64.173,3675
 2402,127974.016,68.179,3675
 2403,128034.570,60.558,3675
 2404,128101.406,66.832,3675
 2405,128167.852,66.448,3675
 2406,128236.539,68.691,3675
 2407,128303.664,67.121,3675
 2408,128369.836,66.177,3675
 2409,128441.164,71.325,3675
 2410,128506.688,65.524,3675
 2411,128578.992,72.298,3675
 2412,128636.648,57.658,3675
 2413,128698.563,61.920,3675
 2414,128773.523,74.958,3675
 2415,128859.453,85.929,3675
 2416,128899.977,40.525,3675
 2417,128973.852,73.877,3675
 2418,129067.867,94.017,3675
 2419,129149.398,81.531,3675
 2420,129238.695,89.296,3675
 2421,129298.602,59.901,3675
 2422,129372.180,73.579,3675
 2423,129421.867,49.690,3675
 2424,129492.461,70.595,3675
 2425,129559.078,66.613,3675
 2426,129619.805,60.728,3675
 2427,129683.500,63.696,3675
 2428,129746.148,62.652,3675
 2429,129821.609,75.458,3675
 2430,129875.789,54.181,3675
 2431,129943.117,67.329,3675
 2432,130017.820,74.702,3675
 2433,130074.563,56.748,3675
 2434,130141.109,66.544,3675
 2435,130198.172,57.063,3675
 2436,130260.148,61.972,3675
 2437,130323.461,63.312,3675
 2438,130384.766,61.302,3675
 2439,130448.508,63.750,3675
 2440,130508.297,59.784,3675
 2441,130577.875,69.583,3675
 2442,130646.430,68.549,3675
 2443,130695.984,49.552,3675
 2444,130761.320,65.334,3675
 2445,130822.625,61.309,3675
 2446,130885.984,63.356,3675
 2447,130943.844,57.870,3675
 2448,131040.000,96.151,3675
 2449,131152.578,112.583,3675
 2450,131207.141,54.559,3675
 2451,131273.891,66.745,3675
 2452,131329.406,55.519,3675
 2453,131392.109,62.697,3675
 2454,131461.406,69.299,3675
 2455,131514.531,53.127,3675
 2456,131574.922,60.398,3675
 2457,131641.234,66.309,3675
 2458,131696.531,55.291,3675
 2459,131763.469,66.933,3675
 2460,131825.609,62.150,3675
 2461,131890.828,65.214,3675
 2462,131956.844,66.024,3675
 2463,132021.375,64.535,3675
 2464,132076.859,55.470,3675
 2465,132140.219,63.369,3675
 2466,132204.500,64.274,3675
 2467,132271.797,67.296,3675
 2468,132332.656,60.873,3675
 2469,132398.344,65.677,3675
 2470,132454.313,55.975,3675
 2471,132521.031,66.717,3675
 2472,132581.484,60.440,3675
 2473,132646.609,65.136,3675
 2474,132704.984,58.377,3675
 2475,132760.953,55.960,3675
 2476,132825.047,64.094,3675
 2477,132891.391,66.349,3675
 2478,132945.266,53.878,3675
 2479,133009.313,64.045,3675
 2480,133072.125,62.803,3675
 2481,133128.219,56.106,3675
 2482,133192.188,63.967,3675
 2483,133253.734,61.544,3675
 2484,133320.000,66.263,3675
 2485,133379.531,59.530,3675
 2486,133445.109,65.573,3675
 2487,133514.969,69.874,3675
 2488,133574.609,59.629,3675
 2489,133639.078,64.478,3675
 2490,133684.500,45.415,3675
 2491,133753.891,69.390,3675
 2492,133814.094,60.207,3675
 2493,133871.391,57.307,3675
 2494,133937.297,65.896,3675
 2495,133996.641,59.341,3675
 2496,134055.328,58.689,3675
 2497,134117.625,62.304,3675
 2498,134175.891,58.257,3675
 2499,134243.688,67.795,3675
 2500,134304.563,60.891,3675
 2501,134367.391,62.830,3675
 2502,134430.813,63.407,3675
 2503,134494.125,63.309,3675
 2504,134554.328,60.201,3675
 2505,134614.359,60.040,3675
 2506,134673.188,58.828,3675
 2507,134737.250,64.065,3675
 2508,134793.766,56.509,3675
 2509,134857.609,63.842,3675
 2510,134918.797,61.192,3675
 2511,134976.219,57.424,3675
 2512,135040.781,64.548,3675
 2513,135097.703,56.936,3675
 2514,135159.156,61.455,3675
 2515,135219.719,60.551,3675
 2516,135279.703,59.988,3675
 2517,135337.766,58.061,3675
 2518,135399.359,61.615,3675
 2519,135463.828,64.460,3675
 2520,135524.703,60.878,3675
 2521,135580.234,55.516,3675
 2522,135647.297,67.080,3675
 2523,135701.406,54.089,3675
 2524,135768.672,67.276,3675
 2525,135824.406,55.727,3675
 2526,135888.031,63.631,3675
 2527,135944.172,56.136,3675
 2528,136004.281,60.107,3675
 2529,136063.859,59.588,3675
 2530,136123.141,59.281,3675
 2531,136174.453,51.306,3675
 2532,136239.641,65.184,3675
 2533,136296.797,57.159,3675
 2534,136351.406,54.613,3675
 2535,136414.313,62.907,3675
 2536,136472.938,58.624,3675
 2537,136529.734,56.795,3675
 2538,136592.703,62.975,3675
 2539,136653.969,61.268,3675
 2540,136716.047,62.076,3675
 2541,136769.859,53.810,3675
 2542,136833.453,63.593,3675
 2543,136891.438,57.983,3675
 2544,136949.016,57.577,3675
 2545,137014.344,65.333,3675
 2546,137067.922,53.573,3675
 2547,137134.344,66.429,3675
 2548,137193.188,58.841,3675
 2549,137258.703,65.518,3675
 2550,137312.828,54.108,3675
 2551,137373.781,60.968,3675
 2552,137437.031,63.240,3675
 2553,137516.656,79.646,3675
 2554,137567.063,50.387,3675
 2555,137617.438,50.372,3675
 2556,137681.609,64.173,3675
 2557,137737.688,56.082,3675
 2558,137796.578,58.903,3675
 2559,137856.469,59.887,3675
 2560,137916.141,59.667,3675
 2561,137975.656,59.515,3675
 2562,138031.016,55.360,3675
 2563,138094.500,63.489,3675
 2564,138156.516,62.013,3675
 2565,138210.047,53.540,3675
 2566,138266.984,56.917,3675
 2567,138329.656,62.682,3675
 2568,138401.188,71.530,3675
 2569,138452.109,50.911,3675
 2570,138513.578,61.476,3675
 2571,138576.375,62.801,3675
 2572,138627.734,51.359,3675
 2573,138689.234,61.512,3675
 2574,138746.531,57.283,3675
 2575,138807.656,61.133,3675
 2576,138864.328,56.665,3675
 2577,138927.703,63.382,3675
 2578,138982.859,55.150,3675
 2579,139037.266,54.417,3675
 2580,139095.578,58.302,3675
 2581,139152.453,56.875,3675
 2582,139217.578,65.128,3675
 2583,139277.469,59.877,3675
 2584,139334.328,56.869,3675
 2585,139389.188,54.870,3675
 2586,139450.828,61.620,3675
 2587,139509.750,58.939,3675
 2588,139569.828,60.072,3675
 2589,139629.422,59.582,3675
 2590,139686.969,57.561,3675
 2591,139742.438,55.466,3675
 2592,139803.609,61.164,3675
 2593,139861.578,57.972,3675
 2594,139918.172,56.593,3675
 2595,139975.484,57.315,3675
 2596,140035.984,60.503,3675
 2597,140090.172,54.189,3675
 2598,140148.797,58.619,3675
 2599,140204.375,55.576,3675
 2600,140262.891,58.514,3675
 2601,140326.078,63.190,3675
 2602,140384.141,58.061,3675
 2603,140437.578,53.444,3675
 2604,140494.750,57.159,3675
 2605,140555.453,60.714,3675
 2606,140607.875,52.437,3675
 2607,140670.250,62.361,3675
 2608,140728.813,58.567,3675
 2609,140781.000,52.177,3675
 2610,140844.313,63.315,3675
 2611,140901.438,57.131,3675
 2612,140954.359,52.919,3675
 2613,141010.922,56.561,3675
 2614,141073.125,62.206,3675
 2615,141132.141,59.003,3675
 2616,141188.250,56.126,3675
 2617,141251.547,63.295,3675
 2618,141308.672,57.138,3675
 2619,141366.672,57.991,3675
 2620,141423.984,57.313,3675
 2621,141482.297,58.299,3675
 2622,141550.172,67.875,3675
 2623,141609.547,59.386,3675
 2624,141676.906,67.346,3675
 2625,141734.391,57.498,3675
 2626,141804.125,69.722,3675
 2627,141864.906,60.784,3675
 2628,141927.000,62.096,3675
 2629,141989.734,62.745,3675
 2630,142060.938,71.187,3675
 2631,142121.063,60.127,3675
 2632,142185.703,64.653,3675
 2633,142252.625,66.922,3675
 2634,142313.766,61.143,3675
 2635,142381.047,67.268,3675
 2636,142447.000,65.951,3675
 2637,142510.922,63.928,3675
 2638,142573.781,62.864,3675
 2639,142639.031,65.246,3675
 2640,142705.047,66.013,3675
 2641,142770.969,65.926,3675
 2642,142836.078,65.102,3675
 2643,142902.688,66.617,3675
 2644,142966.688,64.007,3675
 2645,143025.516,58.812,3675
 2646,143092.203,66.693,3675
 2647,143160.672,68.477,3675
 2648,143225.031,64.354,3675
 2649,143283.234,58.213,3675
 2650,143351.547,68.304,3675
 2651,143421.000,69.448,3675
 2652,143475.703,54.705,3675
 2653,143542.297,66.590,3675
 2654,143612.156,69.861,3675
 2655,143680.281,68.122,3675
 2656,143743.719,63.452,3675
 2657,143797.547,53.815,3675
 2658,143863.797,66.257,3675
 2659,143926.656,62.859,3675
 2660,143993.828,67.172,3675
 2661,144054.125,60.283,3675
 2662,144117.219,63.118,3675
 2663,144224.234,107.001,3675
 2664,144248.672,24.450,3675
 2665,144313.797,65.110,3675
 2666,144383.016,69.227,3675
 2667,144444.406,61.389,3675
 2668,144507.188,62.778,3675
 2669,144575.875,68.695,3675
 2670,144640.156,64.265,3675
 2671,144702.688,62.547,3675
 2672,144766.734,64.031,3675
 2673,144828.813,62.080,3675
 2674,144890.984,62.175,3675
 2675,144958.500,67.518,3675
 2676,145020.391,61.890,3675
 2677,145081.406,61.011,3675
 2678,145150.188,68.789,3675
 2679,145214.313,64.118,3675
 2680,145276.297,61.995,3675
 2681,145346.375,70.072,3675
 2682,145406.094,59.721,3675
 2683,145468.203,62.099,3675
 2684,145533.984,65.805,3675
 2685,145590.406,56.406,3675
 2686,145661.016,70.620,3675
 2687,145727.750,66.737,3675
 2688,145788.016,60.262,3675
 2689,145847.031,59.015,3675
 2690,145913.813,66.779,3675
 2691,145977.344,63.543,3675
 2692,146042.641,65.290,3675
 2693,146104.719,62.056,3675
 2694,146170.016,65.316,3675
 2695,146235.406,65.375,3675
 2696,146300.344,64.946,3675
 2697,146360.750,60.404,3675
 2698,146423.813,63.071,3675
 2699,146487.609,63.796,3675
 2700,146551.625,64.004,3675
 2701,146616.234,64.620,3675
 2702,146677.656,61.419,3675
 2703,146740.891,63.239,3675
 2704,146804.922,64.020,3675
 2705,146864.313,59.393,3675
 2706,146925.703,61.398,3675
 2707,146993.563,67.860,3675
 2708,147052.188,58.613,3675
 2709,147115.266,63.086,3675
 2710,147185.281,70.018,3675
 2711,147241.703,56.424,3675
 2712,147310.063,68.345,3675
 2713,147371.391,61.328,3675
 2714,147437.672,66.288,3675
 2715,147501.094,63.420,3675
 2716,147561.609,60.522,3675
 2717,147629.141,67.530,3675
 2718,147686.219,57.076,3675
 2719,147754.797,68.580,3675
 2720,147816.969,62.167,3675
 2721,147879.766,62.802,3675
 2722,147940.422,60.662,3675
 2723,148003.813,63.392,3675
 2724,148070.641,66.833,3675
 2725,148136.969,66.310,3675
 2726,148195.719,58.755,3675
 2727,148257.078,61.364,3675
 2728,148322.688,65.621,3675
 2729,148393.078,70.379,3675
 2730,148453.781,60.702,3675
 2731,148513.406,59.617,3675
 2732,148573.875,60.483,3675
 2733,148639.922,66.047,3675
 2734,148699.406,59.478,3675
 2735,148763.500,64.090,3675
 2736,148823.000,59.503,3675
 2737,148889.656,66.660,3675
 2738,148954.063,64.397,3675
 2739,149017.969,63.921,3675
 2740,149070.813,52.829,3675
 2741,149137.219,66.418,3675
 2742,149195.125,57.903,3675
 2743,149255.094,59.969,3675
 2744,149317.703,62.612,3675
 2745,149377.141,59.436,3675
 2746,149440.984,63.835,3675
 2747,149502.266,61.284,3675
 2748,149571.500,69.228,3675
 2749,149637.250,65.756,3675
 2750,149700.578,63.339,3675
 2751,149764.641,64.055,3675
 2752,149823.891,59.252,3675
 2753,149891.250,67.364,3675
 2754,149948.797,57.534,3675
 2755,150010.344,61.550,3675
 2756,150087.688,77.344,3675
 2757,150143.188,55.509,3675
 2758,150198.688,55.494,3675
 2759,150262.453,63.764,3675
 2760,150325.594,63.142,3675
 2761,150386.359,60.760,3675
 2762,150453.578,67.225,3675
 2763,150519.422,65.831,3675
 2764,150580.000,60.600,3675
 2765,150638.063,58.044,3675
 2766,150696.234,58.174,3675
 2767,150753.891,57.666,3675
 2768,150824.328,70.438,3675
 2769,150878.266,53.928,3675
 2770,150941.359,63.105,3675
 2771,151004.828,63.461,3675
 2772,151062.156,57.325,3675
 2773,151134.359,72.211,3675
 2774,151193.016,58.646,3675
 2775,151255.516,62.507,3675
 2776,151313.781,58.261,3675
 2777,151384.359,70.575,3675
 2778,151440.375,56.020,3675
 2779,151504.766,64.382,3675
 2780,151569.547,64.788,3675
 2781,151628.063,58.507,3675
 2782,151692.297,64.246,3675
 2783,151758.125,65.821,3675
 2784,151821.422,63.306,3675
 2785,151878.672,57.255,3675
 2786,151946.266,67.580,3675
 2787,152001.000,54.742,3675
 2788,152060.984,59.983,3675
 2789,152120.984,60.007,3675
 2790,152182.250,61.257,3675
 2791,152236.875,54.631,3675
 2792,152294.578,57.704,3675
 2793,152359.563,64.978,3675
 2794,152407.781,48.231,3675
 2795,152455.938,48.154,3675
 2796,152515.219,59.277,3675
 2797,152571.406,56.174,3675
 2798,152627.844,56.460,3675
 2799,152689.484,61.621,3675
 2800,152742.063,52.578,3675
 2801,152797.688,55.633,3675
 2802,152851.141,53.460,3675
 2803,152910.313,59.165,3675
 2804,152959.938,49.636,3675
 2805,153023.047,63.096,3675
 2806,153084.844,61.788,3675
 2807,153135.594,50.766,3675
 2808,153194.594,58.995,3675
 2809,153244.063,49.465,3675
 2810,153304.813,60.752,3675
 2811,153366.359,61.548,3675
 2812,153413.938,47.586,3675
 2813,153479.953,66.016,3675
 2814,153531.969,52.016,3675
 2815,153586.750,54.774,3675
 2816,153636.797,50.035,3675
 2817,153694.672,57.900,3675
 2818,153756.094,61.406,3675
 2819,153808.891,52.797,3675
 2820,153871.563,62.679,3675
 2821,153926.594,55.031,3675
 2822,153978.625,52.029,3675
 2823,154037.641,59.007,3675
 2824,154108.719,71.082,3675
 2825,154155.938,47.227,3675
 2826,154211.484,55.529,3675
 2827,154259.063,47.597,3675
 2828,154321.641,62.565,3675
 2829,154380.906,59.276,3675
 2830,154434.094,53.185,3675
 2831,154486.766,52.660,3675
 2832,154550.797,64.040,3675
 2833,154607.578,56.776,3675
 2834,154668.203,60.622,3675
 2835,154713.719,45.526,3675
 2836,154769.078,55.363,3675
 2837,154827.719,58.641,3675
 2838,154886.984,59.257,3675
 2839,154942.078,55.086,3675
 2840,154992.547,50.490,3675
 2841,155049.328,56.777,3675
 2842,155120.000,70.679,3675
 2843,155161.422,41.405,3675
 2844,155217.250,55.834,3675
 2845,155279.219,61.974,3675
 2846,155327.406,48.179,3675
 2847,155386.344,58.947,3675
 2848,155446.328,59.970,3675
 2849,155496.453,50.133,3675
 2850,155557.109,60.661,3675
 2851,155610.844,53.729,3675
 2852,155667.719,56.870,3675
 2853,155728.141,60.424,3675
 2854,155785.953,57.824,3675
 2855,155834.484,48.518,3675
 2856,155889.641,55.156,3675
 2857,155940.766,51.129,3675
 2858,156004.563,63.808,3675
 2859,156055.109,50.534,3675
 2860,156114.047,58.936,3675
 2861,156165.391,51.334,3675
 2862,156224.938,59.551,3675
 2863,156285.234,60.304,3675
 2864,156334.750,49.517,3675
 2865,156387.844,53.090,3675
 2866,156444.578,56.748,3675
 2867,156496.297,51.703,3675
 2868,156554.750,58.456,3678
 2869,156614.375,59.636,3679
 2870,156669.625,55.239,3680
 2871,156715.750,46.133,3681
 2872,156776.516,60.764,3681
 2873,156829.734,53.209,3681
 2874,156886.547,56.821,3681
 2875,156946.281,59.734,3681
 2876,156999.922,53.641,3681
 2877,157056.266,56.347,3681
 2878,157108.000,51.738,3681
 2879,157169.313,61.318,3681
 2880,157223.047,53.713,3681
 2881,157280.922,57.886,3681
 2882,157334.359,53.433,3681
 2883,157390.984,56.617,3681
 2884,157451.625,60.643,3681
 2885,157507.906,56.285,3681
 2886,157561.938,54.035,3681
 2887,157621.016,59.074,3681
 2888,157673.297,52.292,3681
 2889,157739.109,65.800,3681
 2890,157785.500,46.392,3681
 2891,157847.688,62.197,3681
 