Frame, Time (ms), Delta (ms) , Memory (mb)
    1, 0.000, 0.000,2934
    2,52.121,52.121,3953
    3,112.992,60.871,3953
    4,165.696,52.704,3953
    5,227.786,62.090,3953
    6,281.521,53.735,3953
    7,339.308,57.787,3953
    8,396.210,56.902,3953
    9,458.704,62.494,3953
   10,510.223,51.519,3953
   11,570.962,60.739,3953
   12,627.032,56.070,3953
   13,686.007,58.975,3953
   14,739.885,53.878,3953
   15,798.870,58.985,3953
   16,859.968,61.098,3953
   17,916.913,56.945,3953
   18,972.412,55.499,3953
   19,1030.319,57.907,3953
   20,1088.772,58.453,3953
   21,1147.672,58.900,3953
   22,1200.065,52.393,3953
   23,1257.489,57.424,3953
   24,1313.545,56.056,3953
   25,1375.942,62.397,3953
   26,1427.146,51.204,3953
   27,1484.577,57.431,3953
   28,1541.638,57.061,3953
   29,1599.272,57.634,3953
   30,1654.022,54.750,3953
   31,1713.231,59.209,3953
   32,1764.756,51.525,3953
   33,1825.285,60.529,3953
   34,1879.532,54.247,3953
   35,1939.983,60.451,3953
   36,1994.277,54.294,3953
   37,2058.690,64.413,3953
   38,2110.480,51.790,3953
   39,2170.435,59.955,3955
   40,2233.100,62.665,3955
   41,2311.956,78.856,3955
   42,2378.376,66.420,3955
   43,2443.585,65.209,3955
   44,2486.824,43.239,3955
   45,2535.613,48.789,3955
   46,2602.251,66.638,3955
   47,2661.032,58.781,3955
   48,2720.546,59.514,3955
   49,2768.468,47.922,3955
   50,2825.520,57.052,3955
   51,2896.001,70.481,3955
   52,2947.164,51.163,3955
   53,3011.137,63.973,3955
   54,3063.613,52.476,3955
   55,3117.362,53.749,3955
   56,3177.923,60.561,3955
   57,3239.859,61.936,3955
   58,3295.079,55.220,3955
   59,3355.553,60.474,3953
   60,3415.007,59.454,3953
   61,3482.487,67.480,3953
   62,3534.919,52.432,3953
   63,3600.474,65.555,3953
   64,3654.177,53.703,3953
   65,3714.786,60.609,3953
   66,3773.132,58.346,3953
   67,3831.875,58.743,3953
   68,3885.512,53.637,3953
   69,3942.614,57.102,3953
   70,4006.480,63.866,3953
   71,4063.062,56.582,3953
   72,4115.868,52.806,3953
   73,4175.962,60.094,3953
   74,4236.995,61.033,3953
   75,4294.523,57.528,3953
   76,4354.613,60.090,3953
   77,4412.685,58.072,3953
   78,4467.534,54.849,3953
   79,4529.952,62.418,3953
   80,4586.433,56.481,3953
   81,4649.370,62.937,3953
   82,4701.178,51.808,3953
   83,4757.315,56.137,3953
   84,4819.568,62.253,3953
   85,4875.467,55.899,3953
   86,4933.022,57.555,3953
   87,4989.385,56.363,3953
   88,5045.716,56.331,3953
   89,5101.476,55.760,3953
   90,5167.715,66.239,3953
   91,5221.298,53.583,3953
   92,5273.637,52.339,3953
   93,5332.335,58.698,3953
   94,5389.941,57.606,3953
   95,5449.744,59.803,3953
   96,5505.583,55.839,3953
   97,5568.634,63.051,3953
   98,5621.172,52.538,3953
   99,5677.570,56.398,3953
  100,5734.648,57.078,3953
  101,5795.300,60.652,3953
  102,5849.640,54.340,3953
  103,5915.131,65.491,3953
  104,5963.000,47.868,3953
  105,6021.392,58.393,3953
  106,6076.935,55.543,3953
  107,6143.304,66.369,3953
  108,6189.869,46.565,3953
  109,6255.801,65.932,3953
  110,6309.720,53.919,3953
  111,6377.297,67.577,3953
  112,6422.714,45.417,3953
  113,6482.366,59.652,3953
  114,6538.395,56.028,3953
  115,6599.577,61.183,3953
  116,6653.639,54.062,3953
  117,6713.832,60.192,3953
  118,6767.431,53.600,3953
  119,6823.967,56.536,3953
  120,6885.125,61.157,3953
  121,6945.876,60.752,3953
  122,6997.723,51.847,3953
  123,7058.646,60.923,3953
  124,7109.963,51.317,3953
  125,7172.857,62.894,3953
  126,7228.789,55.931,3953
  127,7287.433,58.645,3953
  128,7346.464,59.031,3953
  129,7404.584,58.120,3953
  130,7456.240,51.656,3953
  131,7516.419,60.179,3953
  132,7576.172,59.753,3953
  133,7631.775,55.603,3953
  134,7691.510,59.735,3953
  135,7746.396,54.886,3953
  136,7805.428,59.032,3953
  137,7867.858,62.430,3953
  138,7924.274,56.416,3953
  139,7986.192,61.918,3953
  140,8043.707,57.514,3953
  141,8097.382,53.676,3953
  142,8159.549,62.167,3953
  143,8221.402,61.853,3953
  144,8277.559,56.156,3953
  145,8331.779,54.221,3953
  146,8391.178,59.398,3953
  147,8452.975,61.797,3953
  148,8510.472,57.497,3953
  149,8576.706,66.235,3953
  150,8642.645,65.938,3953
  151,8689.643,46.998,3953
  152,8743.189,53.547,3953
  153,8806.661,63.472,3953
  154,8860.695,54.034,3953
  155,8925.257,64.561,3953
  156,8978.206,52.950,3953
  157,9042.185,63.978,3953
  158,9095.852,53.667,3953
  159,9161.425,65.573,3953
  160,9213.430,52.005,3953
  161,9274.393,60.963,3953
  162,9335.702,61.310,3953
  163,9396.643,60.940,3953
  164,9453.723,57.080,3953
  165,9511.973,58.250,3953
  166,9575.450,63.478,3955
  167,9637.236,61.786,3955
  168,9694.975,57.738,3955
  169,9755.193,60.219,3955
  170,9814.063,58.870,3955
  171,9878.199,64.136,3955
  172,9931.677,53.477,3955
  173,10002.367,70.691,3955
  174,10056.563,54.195,3955
  175,10119.098,62.535,3955
  176,10170.920,51.822,3957
  177,10241.299,70.379,3957
  178,10297.827,56.529,3959
  179,10363.150,65.323,3959
  180,10420.867,57.717,3957
  181,10488.844,67.976,3957
  182,10550.072,61.229,3957
  183,10610.351,60.278,3957
  184,10664.724,54.373,3959
  185,10720.964,56.240,3959
  186,10794.153,73.190,3959
  187,10857.688,63.535,3959
  188,10923.122,65.434,3959
  189,10981.536,58.414,3959
  190,11042.990,61.454,3959
  191,11099.896,56.906,3959
  192,11162.127,62.230,3959
  193,11230.027,67.901,3959
  194,11296.320,66.293,3959
  195,11352.305,55.984,3959
  196,11405.001,52.696,3959
  197,11463.646,58.645,3959
  198,11526.783,63.138,3959
  199,11588.034,61.251,3959
  200,11650.132,62.097,3959
  201,11706.783,56.652,3959
  202,11770.613,63.830,3959
  203,11837.621,67.008,3959
  204,11893.354,55.733,3959
  205,11959.669,66.314,3959
  206,12022.537,62.869,3959
  207,12083.427,60.889,3959
  208,12153.699,70.273,3959
  209,12211.754,58.054,3959
  210,12269.213,57.459,3959
  211,12329.322,60.110,3959
  212,12387.094,57.771,3959
  213,12447.234,60.141,3961
  214,12517.549,70.314,3961
  215,12586.949,69.401,3961
  216,12639.688,52.739,3961
  217,12703.387,63.698,3961
  218,12766.522,63.136,3961
  219,12822.777,56.255,3961
  220,12885.413,62.635,3961
  221,12953.838,68.425,3961
  222,13017.562,63.724,3961
  223,13079.985,62.424,3961
  224,13136.821,56.836,3961
  225,13202.170,65.348,3961
  226,13261.072,58.903,3961
  227,13322.765,61.692,3961
  228,13388.808,66.043,3961
  229,13454.343,65.535,3961
  230,13506.775,52.433,3961
  231,13578.724,71.948,3961
  232,13638.982,60.259,3961
  233,13703.098,64.115,3961
  234,13763.281,60.184,3961
  235,13834.730,71.449,3961
  236,13892.905,58.175,3961
  237,13960.017,67.111,3961
  238,14016.566,56.550,3961
  239,14075.000,58.433,3961
  240,14143.861,68.862,3961
  241,14213.416,69.554,3961
  242,14265.072,51.657,3961
  243,14343.667,78.594,3961
  244,14412.213,68.546,3961
  245,14450.770,38.557,3961
  246,14515.171,64.401,3961
  247,14579.527,64.357,3961
  248,14636.774,57.247,3961
  249,14704.221,67.446,3961
  250,14760.938,56.717,3961
  251,14829.336,68.398,3961
  252,14892.590,63.254,3961
  253,14954.888,62.298,3961
  254,15020.081,65.193,3961
  255,15084.219,64.138,3961
  256,15148.548,64.329,3961
  257,15214.012,65.464,3961
  258,15275.768,61.756,3961
  259,15336.560,60.792,3961
  260,15401.168,64.608,3961
  261,15468.434,67.266,3961
  262,15531.964,63.530,3961
  263,15592.234,60.271,3961
  264,15653.701,61.466,3961
  265,15724.521,70.820,3961
  266,15783.534,59.013,3961
  267,15851.191,67.658,3961
  268,15910.249,59.057,3961
  269,15978.748,68.499,3961
  270,16037.552,58.804,3961
  271,16103.384,65.832,3961
  272,16163.560,60.176,3961
  273,16231.349,67.789,3961
  274,16295.212,63.863,3961
  275,16358.964,63.752,3961
  276,16423.584,64.621,3961
  277,16489.209,65.624,3961
  278,16545.844,56.634,3961
  279,16615.871,70.029,3959
  280,16679.307,63.435,3959
  281,16740.039,60.733,3959
  282,16798.488,58.448,3959
  283,16862.830,64.343,3959
  284,16929.273,66.441,3959
  285,16993.162,63.891,3959
  286,17053.734,60.572,3959
  287,17122.330,68.596,3959
  288,17182.594,60.262,3959
  289,17244.576,61.985,3959
  290,17309.336,64.759,3959
  291,17375.137,65.800,3959
  292,17431.594,56.456,3959
  293,17501.717,70.124,3959
  294,17559.609,57.892,3959
  295,17626.686,67.077,3959
  296,17688.369,61.683,3959
  297,17749.490,61.122,3959
  298,17807.873,58.382,3959
  299,17870.527,62.654,3959
  300,17934.912,64.386,3959
  301,17998.453,63.539,3959
  302,18056.197,57.746,3959
  303,18121.426,65.226,3959
  304,18179.836,58.413,3959
  305,18244.377,64.541,3959
  306,18303.924,59.545,3959
  307,18368.201,64.277,3959
  308,18427.846,59.644,3959
  309,18496.014,68.169,3959
  310,18551.277,55.264,3959
  311,18615.201,63.925,3959
  312,18671.541,56.340,3959
  313,18742.273,70.730,3959
  314,18799.529,57.257,3959
  315,18862.781,63.253,3955
  316,18919.793,57.011,3955
  317,18981.896,62.104,3955
  318,19039.836,57.939,3955
  319,19101.404,61.568,3955
  320,19156.885,55.481,3955
  321,19221.160,64.277,3955
  322,19278.855,57.693,3955
  323,19344.324,65.470,3955
  324,19402.393,58.069,3955
  325,19462.900,60.508,3955
  326,19521.201,58.300,3955
  327,19580.234,59.033,3955
  328,19639.377,59.143,3955
  329,19701.107,61.729,3955
  330,19763.346,62.237,3955
  331,19820.363,57.019,3955
  332,19880.965,60.602,3955
  333,19938.102,57.136,3955
  334,19995.713,57.611,3955
  335,20055.938,60.226,3955
  336,20111.904,55.966,3955
  337,20175.365,63.460,3955
  338,20232.785,57.421,3955
  339,20300.402,67.618,3955
  340,20358.576,58.175,3955
  341,20416.816,58.240,3955
  342,20472.301,55.484,3955
  343,20535.879,63.577,3955
  344,20590.758,54.878,3955
  345,20651.207,60.450,3955
  346,20705.777,54.569,3955
  347,20770.070,64.295,3955
  348,20826.262,56.191,3955
  349,20892.758,66.494,3955
  350,20945.514,52.757,3955
  351,21008.477,62.964,3955
  352,21064.713,56.235,3955
  353,21128.117,63.404,3955
  354,21185.656,57.541,3955
  355,21249.512,63.854,3955
  356,21305.799,56.288,3955
  357,21369.738,63.940,3955
  358,21422.209,52.471,3955
  359,21488.342,66.132,3955
  360,21545.441,57.098,3955
  361,21610.400,64.960,3955
  362,21666.418,56.018,3955
  363,21733.273,66.855,3955
  364,21790.021,56.749,3955
  365,21856.512,66.489,3955
  366,21912.318,55.808,3955
  367,21977.104,64.784,3955
  368,22032.346,55.242,3955
  369,22099.500,67.154,3955
  370,22157.381,57.881,3955
  371,22221.613,64.232,3955
  372,22278.658,57.047,3955
  373,22345.506,66.845,3955
  374,22402.443,56.939,3955
  375,22468.850,66.406,3955
  376,22525.551,56.702,3955
  377,22595.154,69.604,3955
  378,22650.645,55.491,3955
  379,22714.918,64.272,3955
  380,22774.043,59.125,3955
  381,22840.287,66.244,3955
  382,22898.057,57.771,3955
  383,22966.270,68.212,3955
  384,23018.281,52.010,3955
  385,23094.621,76.342,3955
  386,23156.314,61.693,3955
  387,23217.350,61.035,3953
  388,23276.117,58.766,3953
  389,23340.605,64.488,3953
  390,23399.184,58.579,3953
  391,23465.121,65.939,3955
  392,23523.551,58.429,3955
  393,23587.551,64.000,3955
  394,23645.199,57.648,3955
  395,23710.617,65.418,3955
  396,23769.480,58.864,3955
  397,23834.258,64.777,3955
  398,23890.682,56.423,3955
  399,23957.777,67.097,3955
  400,24018.236,60.458,3955
  401,24086.408,68.172,3955
  402,24142.117,55.708,3955
  403,24206.498,64.380,3955
  404,24280.461,73.964,3957
  405,24342.174,61.713,3957
  406,24396.365,54.193,3957
  407,24456.479,60.113,3957
  408,24517.170,60.690,3957
  409,24576.260,59.090,3957
  410,24639.027,62.768,3957
  411,24697.232,58.206,3957
  412,24758.285,61.052,3957
  413,24826.533,68.249,3957
  414,24879.322,52.789,3957
  415,24949.533,70.211,3957
  416,25006.982,57.449,3957
  417,25063.107,56.124,3957
  418,25128.934,65.827,3957
  419,25190.117,61.183,3957
  420,25247.420,57.302,3957
  421,25313.018,65.597,3957
  422,25364.633,51.617,3957
  423,25431.926,67.292,3957
  424,25481.201,49.275,3957
  425,25552.281,71.081,3957
  426,25607.537,55.255,3957
  427,25666.938,59.401,3957
  428,25730.965,64.027,3957
  429,25791.254,60.288,3957
  430,25846.234,54.983,3957
  431,25905.078,58.841,3957
  432,25973.578,68.500,3957
  433,26030.430,56.853,3957
  434,26087.182,56.751,3957
  435,26142.197,55.017,3957
  436,26209.203,67.006,3957
  437,26269.150,59.948,3957
  438,26327.164,58.012,3957
  439,26393.807,66.644,3957
  440,26448.865,55.059,3957
  441,26517.117,68.250,3957
  442,26572.801,55.686,3957
  443,26633.873,61.072,3957
  444,26693.373,59.499,3957
  445,26755.529,62.157,3957
  446,26818.621,63.092,3957
  447,26881.426,62.803,3957
  448,26936.361,54.936,3957
  449,26999.629,63.269,3957
  450,27057.141,57.510,3957
  451,27120.090,62.948,3957
  452,27177.129,57.041,3957
  453,27243.121,65.993,3957
  454,27296.221,53.100,3957
  455,27378.609,82.387,3957
  456,27430.910,52.301,3957
  457,27479.422,48.511,3957
  458,27539.871,60.450,3957
  459,27595.754,55.881,3957
  460,27656.932,61.179,3957
  461,27719.459,62.528,3957
  462,27778.018,58.557,3957
  463,27837.125,59.110,3957
  464,27900.684,63.557,3957
  465,27963.170,62.486,3957
  466,28013.381,50.212,3957
  467,28082.813,69.433,3957
  468,28142.316,59.504,3957
  469,28202.098,59.780,3957
  470,28257.951,55.853,3957
  471,28323.584,65.632,3957
  472,28372.746,49.162,3957
  473,28440.859,68.114,3957
  474,28495.686,54.825,3957
  475,28559.770,64.084,3957
  476,28612.986,53.218,3957
  477,28679.094,66.108,3957
  478,28736.676,57.581,3957
  479,28801.674,64.998,3957
  480,28858.359,56.686,3957
  481,28923.438,65.079,3957
  482,28973.385,49.947,3957
  483,29041.305,67.920,3957
  484,29101.486,60.179,3957
  485,29156.732,55.249,3957
  486,29216.336,59.602,3957
  487,29276.965,60.630,3957
  488,29340.830,63.865,3957
  489,29401.758,60.926,3957
  490,29451.701,49.945,3957
  491,29520.217,68.517,3957
  492,29579.033,58.815,3957
  493,29634.676,55.642,3957
  494,29699.898,65.224,3957
  495,29761.920,62.020,3957
  496,29819.354,57.433,3957
  497,29873.465,54.113,3957
  498,29938.502,65.037,3957
  499,29999.441,60.940,3957
  500,30055.262,55.818,3957
  501,30120.602,65.340,3957
  502,30175.201,54.600,3957
  503,30246.346,71.145,3957
  504,30292.619,46.274,3957
  505,30362.922,70.301,3957
  506,30417.832,54.911,3957
  507,30481.602,63.771,3957
  508,30535.453,53.850,3957
  509,30601.268,65.815,3957
  510,30661.625,60.359,3957
  511,30727.273,65.648,3957
  512,30772.797,45.524,3957
  513,30849.365,76.567,3957
  514,30895.705,46.339,3957
  515,30957.373,61.669,3957
  516,31020.490,63.115,3957
  517,31078.004,57.515,3957
  518,31144.045,66.042,3957
  519,31204.074,60.029,3957
  520,31263.334,59.260,3957
  521,31320.762,57.428,3957
  522,31383.229,62.466,3957
  523,31451.766,68.538,3957
  524,31519.658,67.892,3957
  525,31568.832,49.173,3957
  526,31630.641,61.811,3957
  527,31683.598,52.956,3957
  528,31745.330,61.730,3957
  529,31806.514,61.185,3957
  530,31867.650,61.137,3957
  531,31923.795,56.145,3957
  532,31997.365,73.570,3957
  533,32057.945,60.580,3957
  534,32114.328,56.382,3957
  535,32179.520,65.192,3957
  536,32237.746,58.227,3957
  537,32307.686,69.940,3957
  538,32356.322,48.635,3957
  539,32425.018,68.696,3957
  540,32485.232,60.214,3957
  541,32541.049,55.819,3957
  542,32603.346,62.295,3957
  543,32663.639,60.294,3957
  544,32719.070,55.429,3957
  545,32789.395,70.324,3957
  546,32844.375,54.983,3957
  547,32907.477,63.103,3957
  548,32975.941,68.462,3957
  549,33029.625,53.685,3957
  550,33086.355,56.729,3957
  551,33149.395,63.038,3957
  552,33210.125,60.734,3957
  553,33276.008,65.884,3957
  554,33335.660,59.649,3957
  555,33400.105,64.446,3957
  556,33460.051,59.945,3957
  557,33527.672,67.622,3957
  558,33584.836,57.164,3957
  559,33644.488,59.655,3957
  560,33703.824,59.334,3957
  561,33762.309,58.485,3957
  562,33826.500,64.190,3957
  563,33889.770,63.271,3957
  564,33946.320,56.549,3957
  565,34005.746,59.426,3957
  566,34076.883,71.134,3957
  567,34132.648,55.768,3957
  568,34199.875,67.226,3957
  569,34261.359,61.482,3957
  570,34317.805,56.448,3957
  571,34387.953,70.147,3957
  572,34435.449,47.498,3957
  573,34500.082,64.634,3957
  574,34559.586,59.504,3957
  575,34620.328,60.743,3957
  576,34686.266,65.934,3957
  577,34743.676,57.413,3957
  578,34807.875,64.196,3957
  579,34875.398,67.524,3957
  580,34930.297,54.902,3957
  581,34995.395,65.092,3957
  582,35063.000,67.608,3957
  583,35116.984,53.984,3957
  584,35180.828,63.845,3957
  585,35243.891,63.060,3957
  586,35307.242,63.353,3957
  587,35368.688,61.445,3957
  588,35432.000,63.314,3957
  589,35489.609,57.609,3957
  590,35550.344,60.735,3957
  591,35616.043,65.695,3957
  592,35671.605,55.567,3957
  593,35746.742,75.136,3957
  594,35804.629,57.888,3957
  595,35868.898,64.267,3957
  596,35923.383,54.484,3957
  597,35989.836,66.455,3957
  598,36051.539,61.701,3957
  599,36116.250,64.714,3957
  600,36176.953,60.703,3957
  601,36239.871,62.914,3957
  602,36306.188,66.315,3957
  603,36364.750,58.565,3957
  604,36423.141,58.394,3957
  605,36495.695,72.552,3957
  606,36551.488,55.793,3957
  607,36626.504,75.018,3957
  608,36684.301,57.797,3957
  609,36746.070,61.766,3957
  610,36813.227,67.159,3957
  611,36877.645,64.418,3957
  612,36940.172,62.528,3957
  613,37003.738,63.563,3957
  614,37063.234,59.495,3957
  615,37133.207,69.973,3957
  616,37192.488,59.287,3957
  617,37269.488,76.997,3957
  618,37333.129,63.643,3957
  619,37391.141,58.011,3957
  620,37453.234,62.090,3957
  621,37517.211,63.978,3957
  622,37582.000,64.792,3957
  623,37657.641,75.639,3957
  624,37717.785,60.144,3957
  625,37782.727,64.940,3957
  626,37839.801,57.074,3955
  627,37909.426,69.625,3955
  628,37973.430,64.006,3955
  629,38035.559,62.127,3955
  630,38108.926,73.368,3955
  631,38182.566,73.641,3955
  632,38230.664,48.100,3955
  633,38297.609,66.944,3955
  634,38358.566,60.954,3955
  635,38430.242,71.677,3955
  636,38490.488,60.247,3955
  637,38560.367,69.877,3955
  638,38620.449,60.082,3955
  639,38689.742,69.295,3955
  640,38750.547,60.804,3955
  641,38821.973,71.426,3955
  642,38880.020,58.047,3955
  643,38959.355,79.332,3955
  644,39031.535,72.183,3955
  645,39122.805,91.271,3955
  646,39206.148,83.344,3955
  647,39282.660,76.512,3955
  648,39341.867,59.203,3955
  649,39418.418,76.554,3955
  650,39457.539,39.120,3955
  651,39523.652,66.115,3955
  652,39594.305,70.654,3955
  653,39649.816,55.512,3955
  654,39719.793,69.972,3955
  655,39783.125,63.333,3955
  656,39853.906,70.780,3955
  657,39921.984,68.079,3955
  658,39989.875,67.892,3955
  659,40059.551,69.674,3955
  660,40128.242,68.692,3955
  661,40198.633,70.390,3955
  662,40267.344,68.709,3955
  663,40336.859,69.516,3955
  664,40401.984,65.128,3955
  665,40469.551,67.565,3955
  666,40484.992,15.444,3989
  667,40581.152,96.162,3989
  668,40592.211,11.054,3989
  669,40603.465,11.256,3989
  670,40639.578,36.111,3989
  671,40684.723,45.144,3989
  672,40727.727,43.004,3989
  673,40775.793,48.069,3989
  674,40817.703,41.907,3989
  675,40864.477,46.776,3984
  676,40912.852,48.374,3957
  677,40957.215,44.363,3942
  678,41002.938,45.726,3933
  679,41047.742,44.801,3924
  680,41091.715,43.971,3923
  681,41137.219,45.507,3923
  682,41183.902,46.682,3923
  683,41231.492,47.594,3904
  684,41274.281,42.786,3904
  685,41319.508,45.223,3903
  686,41364.723,45.218,3903
  687,41411.625,46.906,3898
  688,41455.930,44.304,3897
  689,41504.840,48.907,3895
  690,41547.281,42.445,3894
  691,41594.996,47.713,3893
  692,41639.738,44.743,3893
  693,41686.063,46.322,3893
  694,41734.156,48.096,3890
  695,41779.152,44.995,3888
  696,41824.313,45.159,3885
  697,41871.059,46.748,3884
  698,41915.496,44.437,3877
  699,41963.652,48.157,3871
  700,42008.508,44.852,3863
  701,42054.953,46.447,3857
  702,42102.934,47.980,3853
  703,42147.172,44.235,3849
  704,42194.457,47.289,3849
  705,42241.059,46.603,3849
  706,42287.801,46.743,3849
  707,42333.355,45.552,3849
  708,42378.930,45.575,3847
  709,42428.711,49.780,3847
  710,42474.359,45.648,3847
  711,42521.258,46.898,3847
  712,42567.578,46.322,3846
  713,42614.570,46.990,3846
  714,42661.203,46.636,3844
  715,42706.934,45.731,3844
  716,42755.945,49.010,3840
  717,42800.496,44.552,3839
  718,42849.457,48.961,3839
  719,42897.316,47.860,3830
  720,42945.461,48.145,3825
  721,42991.594,46.133,3821
  722,43039.824,48.231,3808
  723,43086.531,46.702,3795
  724,43133.055,46.525,3793
  725,43180.078,47.024,3793
  726,43228.066,47.990,3784
  727,43278.094,50.025,3782
  728,43324.148,46.056,3781
  729,43372.883,48.732,3780
  730,43418.051,45.170,3776
  731,43466.008,47.955,3752
  732,43512.457,46.452,3752
  733,43562.234,49.778,3751
  734,43611.488,49.256,3750
  735,43660.531,49.040,3748
  736,43705.855,45.322,3746
  737,43756.367,50.513,3745
  738,43803.590,47.224,3742
  739,43850.543,46.951,3742
  740,43899.449,48.910,3733
  741,43947.641,48.191,3731
  742,43998.668,51.023,3731
  743,44044.898,46.232,3731
  744,44094.797,49.901,3730
  745,44140.563,45.765,3732
  746,44187.609,47.044,3731
  747,44247.414,59.805,3725
  748,44294.250,46.836,3724
  749,44344.270,50.021,3719
  750,44395.234,50.962,3708
  751,44446.180,50.945,3705
  752,44495.414,49.238,3705
  753,44545.332,49.915,3705
  754,44594.813,49.483,3705
  755,44647.047,52.234,3704
  756,44694.672,47.623,3704
  757,44744.953,50.283,3702
  758,44796.121,51.167,3696
  759,44844.453,48.333,3693
  760,44895.461,51.009,3691
  761,44947.820,52.361,3686
  762,44998.867,51.044,3684
  763,45049.125,50.259,3684
  764,45099.129,50.004,3677
  765,45150.461,51.331,3660
  766,45202.379,51.918,3653
  767,45257.105,54.729,3654
  768,45303.105,45.996,3654
  769,45362.438,59.334,3637
  770,45410.875,48.434,3635
  771,45466.066,55.194,3636
  772,45521.035,54.966,3638
  773,45571.012,49.978,3639
  774,45623.449,52.440,3636
  775,45682.371,58.919,3626
  776,45729.250,46.880,3625
  777,45794.898,65.649,3614
  778,45837.223,42.323,3612
  779,45887.625,50.407,3612
  780,45940.398,52.769,3610
  781,45993.363,52.967,3608
  782,46057.734,64.369,3573
  783,46104.172,46.435,3558
  784,46159.023,54.853,3553
  785,46232.371,73.350,3480
  786,46273.012,40.639,3478
  787,46313.117,40.109,3479
  788,46366.801,53.682,3475
  789,46422.707,55.905,3475
  790,46479.598,56.893,3475
  791,46526.094,46.494,3474
  792,46579.215,53.120,3475
  793,46633.906,54.694,3474
  794,46710.168,76.258,3437
  795,46745.926,35.760,3437
  796,46801.023,55.097,3434
  797,46848.539,47.518,3436
  798,46910.961,62.422,3436
  799,46963.531,52.567,3435
  800,47012.313,48.784,3436
  801,47065.949,53.638,3434
  802,47118.852,52.898,3431
  803,47175.020,56.167,3431
  804,47225.090,50.073,3438
  805,47275.230,50.140,3439
  806,47339.367,64.138,3431
  807,47386.961,47.597,3431
  808,47440.922,53.958,3419
  809,47498.355,57.433,3415
  810,47550.973,52.619,3414
  811,47600.781,49.808,3413
  812,47660.547,59.764,3389
  813,47713.066,52.519,3388
  814,47767.801,54.738,3387
  815,47821.395,53.593,3387
  816,47876.441,55.044,3384
  817,47931.461,55.022,3372
  818,47985.125,53.663,3370
  819,48032.652,47.528,3370
  820,48095.219,62.565,3362
  821,48157.043,61.825,3356
  822,48200.371,43.329,3351
  823,48266.840,66.467,3351
  824,48313.789,46.951,3354
  825,48363.051,49.259,3360
  826,48420.164,57.113,3361
  827,48477.465,57.305,3363
  828,48535.586,58.119,3362
  829,48583.422,47.835,3360
  830,48642.180,58.759,3354
  831,48694.852,52.670,3356
  832,48754.750,59.901,3355
  833,48804.621,49.870,3360
  834,48859.070,54.448,3363
  835,48918.684,59.614,3370
  836,48973.352,54.668,3373
  837,49031.230,57.879,3378
  838,49080.828,49.598,3379
  839,49138.727,57.898,3387
  840,49193.797,55.073,3389
  841,49251.379,57.581,3390
  842,49302.281,50.902,3391
  843,49360.492,58.210,3394
  844,49429.344,68.849,3395
  845,49485.730,56.391,3395
  846,49537.996,52.260,3396
  847,49601.898,63.908,3396
  848,49665.516,63.613,3396
  849,49724.398,58.884,3398
  850,49808.113,83.715,3403
  851,49846.793,38.682,3408
  852,49905.379,58.584,3409
  853,49977.535,72.157,3411
  854,50033.773,56.238,3415
  855,50087.828,54.053,3419
  856,50163.957,76.132,3425
  857,50214.500,50.541,3427
  858,50282.402,67.902,3429
  859,50342.555,60.155,3431
  860,50394.477,51.922,3437
  861,50468.523,74.042,3442
  862,50517.777,49.258,3450
  863,50665.762,147.982,3453
  864,50751.156,85.396,3460
  865,50811.609,60.453,3465
  866,50863.320,51.708,3465
  867,50920.781,57.466,3465
  868,50978.605,57.823,3462
  869,51031.137,52.532,3465
  870,51087.914,56.776,3468
  871,51134.137,46.222,3469
  872,51192.074,57.939,3472
  873,51301.629,109.555,3472
  874,51355.852,54.221,3471
  875,51411.855,56.002,3470
  876,51476.227,64.372,3472
  877,51511.883,35.659,3473
  878,51550.809,38.927,3474
  879,51610.293,59.482,3478
  880,51670.195,59.903,3482
  881,51728.566,58.370,3485
  882,51790.219,61.650,3485
  883,51839.809,49.592,3487
  884,51919.371,79.564,3490
  885,51960.688,41.315,3489
  886,52020.629,59.944,3492
  887,52094.637,74.007,3500
  888,52155.926,61.289,3508
  889,52205.273,49.345,3516
  890,52281.102,75.829,3524
  891,52346.570,65.470,3532
  892,52418.766,72.196,3541
  893,52478.895,60.127,3555
  894,52539.121,60.226,3565
  895,52599.074,59.954,3573
  896,52670.012,70.935,3584
  897,52742.379,72.371,3600
  898,52830.648,88.266,3609
  899,52884.840,54.191,3620
  900,52954.020,69.181,3629
  901,53028.969,74.952,3638
  902,53092.301,63.333,3647
  903,53179.152,86.846,3654
  904,53244.715,65.563,3662
  905,53276.332,31.620,3663
  906,53331.617,55.285,3666
  907,53385.711,54.093,3668
  908,53436.266,50.556,3669
  909,53500.773,64.507,3671
  910,53560.039,59.265,3672
  911,53619.895,59.856,3676
  912,53678.191,58.297,3679
  913,53739.781,61.591,3680
  914,53785.598,45.815,3682
  915,53838.219,52.622,3686
  916,53894.344,56.123,3686
  917,53950.148,55.805,3703
  918,54009.441,59.293,3706
  919,54059.988,50.546,3707
  920,54119.570,59.584,3708
  921,54176.969,57.402,3710
  922,54237.352,60.379,3710
  923,54291.297,53.946,3710
  924,54357.395,66.096,3711
  925,54401.973,44.582,3712
  926,54453.691,51.715,3714
  927,54511.746,58.058,3715
  928,54565.645,53.892,3716
  929,54672.914,107.272,3717
  930,54723.773,50.861,3719
  931,54775.703,51.930,3719
  932,54828.535,52.830,3720
  933,54868.418,39.884,3720
  934,54916.063,47.644,3725
  935,54972.941,56.882,3727
  936,55033.742,60.799,3729
  937,55078.301,44.559,3730
  938,55144.227,65.926,3731
  939,55214.020,69.789,3732
  940,55268.676,54.660,3732
  941,55311.238,42.563,3732
  942,55370.121,58.885,3732
  943,55426.488,56.363,3732
  944,55487.074,60.588,3735
  945,55539.895,52.819,3736
  946,55604.453,64.561,3738
  947,55659.586,55.133,3741
  948,55714.762,55.175,3741
  949,55774.832,60.067,3741
  950,55829.121,54.294,3743
  951,55886.789,57.666,3743
  952,55948.012,61.222,3745
  953,56000.035,52.022,3745
  954,56060.699,60.663,3745
  955,56112.668,51.968,3745
  956,56173.543,60.877,3746
  957,56234.836,61.291,3746
  958,56291.996,57.159,3747
  959,56341.969,49.979,3747
  960,56401.707,59.734,3750
  961,56458.965,57.261,3753
  962,56512.824,53.857,3758
  963,56569.539,56.716,3761
  964,56627.512,57.970,3764
  965,56684.555,57.043,3765
  966,56736.961,52.409,3766
  967,56819.094,82.133,3773
  968,56862.156,43.061,3778
  969,56904.141,41.983,3782
  970,56973.746,69.607,3788
  971,57033.211,59.463,3803
  972,57091.738,58.532,3818
  973,57151.426,59.688,3833
  974,57215.707,64.278,3843
  975,57456.066,240.362,3850
  976,57501.578,45.508,3852
  977,57580.906,79.331,3857
  978,57660.898,79.991,3859
  979,57761.996,101.096,3864
  980,57835.723,73.726,3868
  981,57922.441,86.723,3872
  982,57979.203,56.758,3872
  983,58070.363,91.163,3877
  984,58129.227,58.862,3882
  985,58239.012,109.786,3884
  986,58283.641,44.627,3887
  987,58337.844,54.205,3887
  988,58389.770,51.928,3890
  989,58456.578,66.806,3889
  990,58519.020,62.440,3891
  991,58572.164,53.145,3892
  992,58634.027,61.862,3893
  993,58689.465,55.443,3893
  994,58749.086,59.619,3893
  995,58809.793,60.706,3893
  996,58878.355,68.563,3893
  997,58933.707,55.349,3893
  998,58991.988,58.283,3893
  999,59049.625,57.637,3893
 1000,59117.121,67.496,3894
 1001,59169.148,52.025,3895
 1002,59232.477,63.326,3895
 1003,59292.078,59.607,3897
 1004,59353.699,61.617,3900
 1005,59410.887,57.190,3913
 1006,59488.227,77.338,3918
 1007,59536.395,48.172,3921
 1008,59598.707,62.311,3923
 1009,59659.211,60.502,3914
 1010,59727.141,67.929,3926
 1011,59781.211,54.073,3930
 1012,59844.570,63.357,3929
 1013,59907.227,62.658,3929
 1014,59968.281,61.054,3929
 1015,60025.035,56.752,3929
 1016,60089.043,64.012,3930
 1017,60146.504,57.459,3930
 1018,60210.910,64.407,3939
 1019,60265.188,54.277,3939
 1020,60325.180,59.989,3938
 1021,60386.793,61.616,3941
 1022,60446.801,60.005,3940
 1023,60506.957,60.161,3959
 1024,60564.406,57.447,3958
 1025,60625.641,61.232,3957
 1026,60688.789,63.153,3956
 1027,60742.813,54.018,3954
 1028,60803.961,61.156,3954
 1029,60863.676,59.710,3955
 1030,60924.000,60.324,3955
 1031,60979.938,55.939,3955
 1032,61038.316,58.376,3956
 1033,61098.191,59.878,3956
 1034,61162.633,64.440,3956
 1035,61219.555,56.921,3956
 1036,61286.660,67.105,3955
 1037,61344.516,57.857,3955
 1038,61405.371,60.858,3955
 1039,61465.734,60.362,3956
 1040,61532.770,67.036,3952
 1041,61583.066,50.294,3952
 1042,61642.043,58.980,3953
 1043,61701.957,59.915,3952
 1044,61757.188,55.227,3947
 1045,61815.609,58.424,3947
 1046,61875.020,59.409,3947
 1047,61932.832,57.811,3947
 1048,61987.262,54.432,3947
 1049,62045.477,58.211,3949
 1050,62105.156,59.683,3949
 1051,62167.203,62.048,3949
 1052,62223.301,56.096,3948
 1053,62283.168,59.867,3949
 1054,62341.277,58.111,3949
 1055,62400.828,59.548,3949
 1056,62461.172,60.343,3949
 1057,62519.203,58.032,3949
 1058,62578.141,58.938,3949
 1059,62636.566,58.427,3950
 1060,62699.008,62.441,3953
 1061,62755.086,56.078,3953
 1062,62811.266,56.183,3956
 1063,62877.219,65.951,3956
 1064,62938.691,61.471,3944
 1065,63000.711,62.021,3943
 1066,63059.324,58.611,3944
 1067,63117.523,58.198,3948
 1068,63173.973,56.449,3948
 1069,63233.605,59.638,3949
 1070,63297.332,63.722,3947
 1071,63358.527,61.197,3944
 1072,63415.234,56.708,3944
 1073,63495.371,80.135,3944
 1074,63540.508,45.139,3944
 1075,63601.438,60.931,3947
 1076,63657.785,56.348,3947
 1077,63717.422,59.634,3946
 1078,63777.918,60.497,3945
 1079,63840.898,62.979,3943
 1080,63893.203,52.307,3944
 1081,63953.156,59.948,3944
 1082,64013.770,60.617,3946
 1083,64071.621,57.853,3946
 1084,64131.629,60.006,3946
 1085,64194.555,62.927,3945
 1086,64247.879,53.323,3945
 1087,64309.203,61.324,3945
 1088,64367.078,57.877,3945
 1089,64426.043,58.963,3947
 1090,64486.488,60.443,3945
 1091,64547.797,61.307,3945
 1092,64599.293,51.497,3945
 1093,64659.703,60.413,3943
 1094,64721.242,61.540,3942
 1095,64778.859,57.618,3943
 1096,64837.723,58.862,3943
 1097,64896.137,58.413,3943
 1098,64956.016,59.880,3943
 1099,65006.074,50.059,3942
 1100,65064.047,57.973,3942
 1101,65126.848,62.798,3942
 1102,65181.246,54.401,3942
 1103,65242.781,61.536,3943
 1104,65297.895,55.113,3943
 1105,65356.145,58.246,3943
 1106,65408.105,51.964,3943
 1107,65470.023,61.917,3943
 1108,65525.004,54.978,3943
 1109,65582.094,57.090,3943
 1110,65633.914,51.820,3943
 1111,65692.328,58.416,3943
 1112,65746.117,53.790,3943
 1113,65803.617,57.504,3943
 1114,65860.883,57.260,3943
 1115,65921.445,60.561,3943
 1116,65972.336,50.896,3937
 1117,66025.578,53.239,3931
 1118,66082.547,56.971,3927
 1119,66139.266,56.716,3911
 1120,66194.047,54.783,3911
 1121,66248.516,54.470,3910
 1122,66302.914,54.399,3910
 1123,66359.711,56.794,3910
 1124,66412.797,53.084,3910
 1125,66470.375,57.581,3910
 1126,66526.016,55.639,3910
 1127,66581.078,55.063,3910
 1128,66636.781,55.704,3910
 1129,66694.383,57.598,3910
 1130,66748.164,53.783,3910
 1131,66802.945,54.786,3910
 1132,66856.883,53.932,3910
 1133,66914.156,57.273,3910
 1134,66969.500,55.348,3910
 1135,67024.898,55.396,3910
 1136,67080.117,55.216,3910
 1137,67135.570,55.456,3910
 1138,67189.977,54.413,3910
 1139,67244.992,55.014,3910
 1140,67300.492,55.494,3910
 1141,67356.195,55.708,3910
 1142,67411.047,54.844,3910
 1143,67465.227,54.182,3910
 1144,67519.516,54.292,3910
 1145,67570.875,51.356,3910
 1146,67624.875,54.004,3910
 1147,67678.070,53.193,3910
 1148,67730.203,52.132,3910
 1149,67785.539,55.336,3910
 1150,67837.219,51.686,3910
 1151,67894.117,56.890,3910
 1152,67946.594,52.484,3910
 1153,67998.422,51.825,3910
 1154,68051.578,53.159,3910
 1155,68107.047,55.466,3910
 1156,68160.625,53.581,3910
 1157,68212.828,52.199,3910
 1158,68264.219,51.394,3910
 1159,68318.820,54.596,3910
 1160,68369.977,51.164,3910
 1161,68422.500,52.522,3910
 1162,68474.961,52.462,3910
 1163,68524.961,50.002,3910
 1164,68577.297,52.332,3910
 1165,68629.461,52.157,3908
 1166,68679.648,50.193,3908
 1167,68730.477,50.823,3908
 1168,68783.648,53.180,3908
 1169,68834.195,50.547,3908
 1170,68890.109,55.908,3908
 1171,68937.492,47.383,3908
 1172,68986.688,49.205,3908
 1173,69040.672,53.979,3908
 1174,69091.797,51.118,3908
 1175,69141.008,49.218,3908
 1176,69192.984,51.979,3908
 1177,69244.461,51.471,3908
 1178,69295.820,51.358,3908
 1179,69341.797,45.977,3908
 1180,69394.680,52.887,3908
 1181,69446.422,51.737,3908
 1182,69499.289,52.875,3908
 1183,69550.117,50.823,3908
 1184,69600.719,50.599,3908
 1185,69652.117,51.395,3908
 1186,69703.836,51.726,3908
 1187,69756.898,53.063,3908
 1188,69807.828,50.927,3908
 1189,69859.523,51.698,3908
 1190,69909.758,50.228,3908
 1191,69961.664,51.918,3908
 1192,70015.281,53.611,3908
 1193,70066.227,50.949,3908
 1194,70116.664,50.433,3908
 1195,70167.047,50.382,3908
 1196,70220.297,53.251,3908
 1197,70272.617,52.322,3908
 1198,70320.750,48.127,3908
 1199,70373.922,53.180,3908
 1200,70423.813,49.882,3908
 1201,70474.156,50.346,3908
 1202,70526.758,52.600,3908
 1203,70576.523,49.770,3908
 1204,70628.734,52.208,3908
 1205,70679.578,50.848,3908
 1206,70730.039,50.459,3908
 1207,70782.398,52.359,3908
 1208,70831.648,49.250,3908
 1209,70883.969,52.327,3908
 1210,70935.266,51.293,3908
 1211,70986.305,51.042,3908
 1212,71034.945,48.636,3908
 1213,71087.781,52.831,3908
 1214,71139.070,51.292,3908
 1215,71189.703,50.628,3908
 1216,71241.508,51.808,3908
 1217,71291.352,49.848,3908
 1218,71342.586,51.234,3908
 1219,71395.203,52.615,3908
 1220,71446.805,51.600,3908
 1221,71499.383,52.579,3908
 1222,71548.664,49.283,3908
 1223,71597.836,49.170,3908
 1224,71649.281,51.453,3908
 1225,71700.836,51.550,3908
 1226,71751.633,50.802,3908
 1227,71803.148,51.510,3908
 1228,71855.227,52.078,3908
 1229,71905.414,50.186,3908
 1230,71957.969,52.561,3908
 1231,72007.016,49.043,3908
 1232,72057.813,50.794,3908
 1233,72108.055,50.240,3908
 1234,72159.047,50.993,3908
 1235,72210.430,51.380,3908
 1236,72261.063,50.636,3908
 1237,72312.367,51.305,3908
 1238,72363.695,51.324,3908
 1239,72415.070,51.380,3908
 1240,72465.938,50.871,3908
 1241,72515.977,50.042,3908
 1242,72567.234,51.255,3908
 1243,72621.633,54.399,3908
 1244,72672.188,50.548,3908
 1245,72724.844,52.656,3908
 1246,72774.922,50.081,3908
 1247,72825.680,50.762,3908
 1248,72877.648,51.966,3908
 1249,72927.953,50.307,3908
 1250,72977.078,49.120,3908
 1251,73031.180,54.102,3908
 1252,73080.758,49.580,3908
 1253,73131.125,50.367,3908
 1254,73181.531,50.408,3908
 1255,73234.047,52.510,3908
 1256,73283.789,49.743,3908
 1257,73336.016,52.231,3908
 1258,73386.820,50.804,3908
 1259,73438.570,51.748,3908
 1260,73491.727,53.156,3908
 1261,73540.922,49.196,3908
 1262,73591.234,50.317,3908
 1263,73642.203,50.964,3908
 1264,73691.070,48.862,3908
 1265,73742.656,51.592,3908
 1266,73792.406,49.746,3908
 1267,73844.039,51.635,3908
 1268,73893.625,49.588,3908
 1269,73944.828,51.202,3908
 1270,73997.055,52.224,3908
 1271,74047.297,50.244,3908
 1272,74098.188,50.893,3908
 1273,74149.719,51.525,3908
 1274,74199.500,49.785,3908
 1275,74250.594,51.095,3908
 1276,74301.844,51.246,3908
 1277,74352.125,50.286,3908
 1278,74400.953,48.831,3908
 1279,74452.367,51.409,3908
 1280,74500.172,47.806,3908
 1281,74549.656,49.489,3908
 1282,74600.242,50.585,3908
 1283,74649.328,49.083,3908
 1284,74698.469,49.139,3908
 1285,74748.859,50.390,3908
 1286,74798.180,49.321,3908
 1287,74850.023,51.838,3908
 1288,74899.398,49.381,3908
 1289,74951.117,51.715,3908
 1290,74999.547,48.435,3908
 1291,75049.969,50.427,3908
 1292,75101.086,51.110,3908
 1293,75150.945,49.866,3908
 1294,75199.625,48.679,3908
 1295,75247.570,47.938,3908
 1296,75299.766,52.193,3908
 1297,75348.266,48.504,3908
 1298,75398.398,50.128,3908
 1299,75448.914,50.527,3908
 1300,75499.250,50.332,3908
 1301,75547.336,48.086,3908
 1302,75598.711,51.370,3908
 1303,75647.398,48.690,3908
 1304,75696.461,49.065,3908
 1305,75747.422,50.956,3908
 1306,75795.953,48.536,3908
 1307,75846.375,50.421,3908
 1308,75894.914,48.541,3908
 1309,75943.148,48.230,3908
 1310,75993.023,49.870,3908
 1311,76041.094,48.072,3908
 1312,76090.672,49.586,3908
 1313,76138.625,47.952,3908
 1314,76186.938,48.311,3908
 1315,76237.359,50.418,3908
 1316,76285.727,48.366,3908
 1317,76334.820,49.095,3908
 1318,76385.609,50.793,3908
 1319,76435.500,49.892,3908
 1320,76482.281,46.783,3908
 1321,76530.594,48.315,3908
 1322,76580.727,50.124,3908
 1323,76631.305,50.587,3908
 1324,76677.906,46.596,3908
 1325,76728.992,51.093,3908
 1326,76777.703,48.703,3908
 1327,76826.867,49.168,3908
 1328,76875.633,48.768,3908
 1329,76923.461,47.821,3908
 1330,76973.203,49.741,3908
 1331,77019.891,46.690,3908
 1332,77068.977,49.088,3908
 1333,77118.898,49.922,3908
 1334,77166.039,47.138,3908
 1335,77214.359,48.318,3908
 1336,77263.070,48.712,3908
 1337,77309.867,46.802,3908
 1338,77356.727,46.849,3908
 1339,77404.633,47.919,3908
 1340,77452.414,47.774,3908
 1341,77500.188,47.777,3908
 1342,77548.539,48.353,3908
 1343,77599.070,50.526,3908
 1344,77647.172,48.100,3908
 1345,77697.430,50.259,3908
 1346,77743.672,46.248,3908
 1347,77792.898,49.228,3908
 1348,77838.938,46.038,3908
 1349,77887.219,48.282,3908
 1350,77934.094,46.866,3908
 1351,77983.867,49.775,3908
 1352,78031.648,47.785,3908
 1353,78079.594,47.945,3908
 1354,78127.484,47.892,3908
 1355,78174.891,47.402,3908
 1356,78221.813,46.920,3908
 1357,78269.977,48.174,3908
 1358,78317.031,47.042,3908
 1359,78365.711,48.686,3908
 1360,78412.258,46.547,3908
 1361,78458.414,46.151,3908
 1362,78506.641,48.233,3908
 1363,78554.773,48.128,3908
 1364,78604.086,49.315,3908
 1365,78651.727,47.637,3908
 1366,78698.000,46.284,3908
 1367,78745.633,47.631,3908
 1368,78792.883,47.244,3908
 1369,78839.531,46.654,3908
 1370,78887.336,47.802,3908
 1371,78934.547,47.215,3908
 1372,78982.133,47.580,3908
 1373,79026.828,44.695,3908
 1374,79074.867,48.043,3908
 1375,79123.219,48.351,3908
 1376,79169.047,45.821,3908
 1377,79217.484,48.443,3908
 1378,79264.578,47.092,3908
 1379,79311.586,47.013,3908
 1380,79359.305,47.721,3908
 1381,79406.914,47.607,3908
 1382,79455.203,48.286,3908
 1383,79501.703,46.493,3908
 1384,79549.977,48.282,3908
 1385,79596.391,46.405,3908
 1386,79644.000,47.617,3908
 1387,79690.242,46.239,3908
 1388,79738.523,48.283,3908
 1389,79785.695,47.169,3908
 1390,79833.906,48.218,3908
 1391,79880.836,46.924,3908
 1392,79927.922,47.091,3908
 1393,79979.445,51.523,3908
 1394,80024.367,44.918,3908
 1395,80071.570,47.204,3908
 1396,80116.320,44.755,3908
 1397,80164.289,47.965,3908
 1398,80211.789,47.495,3908
 1399,80259.711,47.921,3908
 1400,80299.719,40.009,3546
 1401,80339.656,39.943,3546
 1402,80389.078,49.417,3552
 1403,80427.023,37.948,3560
 1404,80469.469,42.446,3568
 1405,80511.594,42.129,3572
 1406,80558.289,46.695,3574
 1407,80597.508,39.213,3577
 1408,80635.383,37.877,3582
 1409,80677.438,42.054,3586
 1410,80724.117,46.677,3591
 1411,80766.758,42.639,3593
 1412,80806.313,39.561,3600
 1413,80844.031,37.716,3608
 1414,80894.742,50.712,3615
 1415,80938.086,43.343,3621
 1416,80975.633,37.551,3624
 1417,81017.680,42.042,3627
 1418,81057.289,39.613,3633
 1419,81101.914,44.624,3642
 1420,81142.563,40.647,3650
 1421,81180.313,37.753,3654
 1422,81220.141,39.827,3657
 1423,81256.625,36.490,3658
 1424,81294.961,38.334,3658
 1425,81337.914,42.947,3657
 1426,81388.094,50.177,3658
 1427,81415.313,27.224,3658
 1428,81455.320,40.009,3658
 1429,81494.898,39.581,3658
 1430,81533.805,38.898,3658
 1431,81573.297,39.495,3658
 1432,81611.891,38.595,3658
 1433,81651.188,39.293,3658
 1434,81690.242,39.058,3658
 1435,81729.250,39.009,3658
 1436,81768.398,39.141,3658
 1437,81807.852,39.458,3658
 1438,81847.875,40.023,3658
 1439,81886.352,38.474,3658
 1440,81926.563,40.214,3658
 1441,81964.766,38.205,3658
 1442,82004.180,39.412,3658
 1443,82044.219,40.042,3658
 1444,82083.742,39.517,3658
 1445,82121.773,38.032,3658
 1446,82161.070,39.296,3658
 1447,82200.688,39.620,3658
 1448,82240.227,39.546,3658
 1449,82279.359,39.124,3658
 1450,82319.156,39.796,3658
 1451,82358.883,39.735,3658
 1452,82398.656,39.769,3658
 1453,82438.852,40.195,3658
 1454,82477.836,38.988,3658
 1455,82516.398,38.560,3658
 1456,82555.484,39.085,3658
 1457,82595.469,39.982,3658
 1458,82635.578,40.111,3658
 1459,82672.555,36.977,3658
 1460,82711.500,38.947,3658
 1461,82750.258,38.756,3658
 1462,82789.422,39.160,3658
 1463,82828.516,39.099,3658
 1464,82867.898,39.386,3658
 1465,82906.711,38.807,3658
 1466,82945.789,39.077,3658
 1467,82984.008,38.220,3658
 1468,83023.922,39.916,3658
 1469,83061.719,37.792,3658
 1470,83100.875,39.159,3658
 1471,83140.531,39.660,3658
 1472,83179.844,39.314,3658
 1473,83220.289,40.447,3658
 1474,83258.805,38.513,3658
 1475,83298.891,40.082,3658
 1476,83337.070,38.179,3658
 1477,83377.938,40.871,3658
 1478,83417.117,39.174,3658
 1479,83455.492,38.381,3658
 1480,83495.438,39.942,3658
 1481,83532.859,37.423,3658
 1482,83571.094,38.237,3658
 1483,83610.547,39.448,3658
 1484,83649.617,39.075,3658
 1485,83687.211,37.595,3658
 1486,83727.445,40.231,3658
 1487,83765.688,38.237,3658
 1488,83805.617,39.942,3658
 1489,83843.297,37.680,3658
 1490,83881.734,38.427,3658
 1491,83920.016,38.284,3658
 1492,83959.781,39.766,3658
 1493,83998.094,38.308,3658
 1494,84036.445,38.356,3658
 1495,84075.211,38.764,3658
 1496,84115.273,40.068,3658
 1497,84154.391,39.111,3658
 1498,84193.297,38.914,3658
 1499,84231.086,37.782,3658
 1500,84269.906,38.828,3658
 1501,84309.602,39.692,3658
 1502,84347.789,38.184,3658
 1503,84387.133,39.345,3658
 1504,84427.109,39.978,3658
 1505,84464.781,37.672,3658
 1506,84504.211,39.428,3658
 1507,84542.398,38.182,3658
 1508,84582.031,39.633,3658
 1509,84619.555,37.533,3658
 1510,84659.023,39.459,3658
 1511,84698.578,39.563,3658
 1512,84740.344,41.755,3658
 1513,84779.922,39.591,3658
 1514,84822.781,42.852,3658
 1515,84863.070,40.289,3658
 1516,84903.359,40.288,3658
 1517,84944.648,41.293,3658
 1518,84985.203,40.558,3658
 1519,85026.703,41.495,3658
 1520,85067.281,40.582,3658
 1521,85108.219,40.936,3658
 1522,85148.578,40.358,3658
 1523,85189.500,40.923,3658
 1524,85231.086,41.581,3658
 1525,85272.977,41.895,3658
 1526,85313.289,40.312,3658
 1527,85354.352,41.057,3658
 1528,85395.094,40.742,3658
 1529,85437.586,42.500,3658
 1530,85478.313,40.728,3658
 1531,85519.508,41.195,3658
 1532,85561.063,41.547,3658
 1533,85602.055,40.995,3658
 1534,85643.828,41.774,3658
 1535,85685.414,41.589,3658
 1536,85725.750,40.335,3658
 1537,85766.461,40.709,3658
 1538,85807.133,40.670,3658
 1539,85846.727,39.596,3658
 1540,85887.586,40.859,3658
 1541,85928.391,40.800,3658
 1542,85969.875,41.489,3658
 1543,86009.195,39.321,3658
 1544,86051.008,41.808,3658
 1545,86091.867,40.867,3658
 1546,86132.258,40.386,3658
 1547,86171.719,39.461,3658
 1548,86212.563,40.851,3658
 1549,86250.961,38.400,3658
 1550,86291.219,40.249,3658
 1551,86331.219,40.004,3658
 1552,86371.867,40.647,3658
 1553,86411.828,39.958,3658
 1554,86452.102,40.270,3658
 1555,86490.867,38.774,3658
 1556,86531.063,40.189,3658
 1557,86571.445,40.389,3658
 1558,86611.828,40.381,3658
 1559,86651.422,39.590,3658
 1560,86692.453,41.030,3658
 1561,86732.305,39.861,3658
 1562,86772.945,40.639,3658
 1563,86812.383,39.433,3658
 1564,86853.586,41.209,3658
 1565,86893.594,40.004,3658
 1566,86932.805,39.209,3658
 1567,86971.758,38.953,3658
 1568,87012.227,40.470,3658
 1569,87051.633,39.409,3658
 1570,87091.977,40.345,3658
 1571,87130.711,38.728,3658
 1572,87170.883,40.175,3658
 1573,87210.078,39.191,3658
 1574,87250.063,39.982,3658
 1575,87290.766,40.706,3658
 1576,87329.891,39.127,3658
 1577,87369.742,39.847,3658
 1578,87408.484,38.745,3658
 1579,87449.711,41.224,3658
 1580,87488.875,39.171,3658
 1581,87528.211,39.335,3658
 1582,87567.703,39.490,3658
 1583,87607.211,39.511,3658
 1584,87647.820,40.610,3658
 1585,87687.164,39.339,3658
 1586,87727.602,40.438,3658
 1587,87766.773,39.172,3658
 1588,87807.117,40.343,3658
 1589,87846.211,39.099,3658
 1590,87886.516,40.304,3658
 1591,87925.172,38.653,3658
 1592,87965.422,40.248,3658
 1593,88006.344,40.925,3658
 1594,88044.578,38.240,3658
 1595,88084.938,40.353,3658
 1596,88123.953,39.017,3658
 1597,88164.383,40.425,3658
 1598,88203.766,39.387,3658
 1599,88243.359,39.591,3658
 1600,88282.789,39.429,3658
 1601,88322.703,39.911,3658
 1602,88362.031,39.329,3658
 1603,88400.977,38.951,3658
 1604,88441.984,41.013,3658
 1605,88480.117,38.123,3658
 1606,88519.969,39.858,3658
 1607,88561.125,41.155,3658
 1608,88598.742,37.613,3658
 1609,88638.109,39.368,3658
 1610,88679.016,40.906,3658
 1611,88717.313,38.307,3658
 1612,88757.242,39.927,3658
 1613,88796.406,39.158,3658
 1614,88835.508,39.102,3658
 1615,88874.609,39.108,3658
 1616,88913.016,38.395,3658
 1617,88951.852,38.841,3658
 1618,88992.570,40.723,3658
 1619,89032.898,40.329,3658
 1620,89071.969,39.073,3658
 1621,89110.938,38.967,3658
 1622,89151.031,40.083,3658
 1623,89189.625,38.600,3658
 1624,89228.000,38.368,3658
 1625,89267.898,39.909,3658
 1626,89306.531,38.630,3658
 1627,89345.844,39.312,3658
 1628,89385.711,39.864,3658
 1629,89425.539,39.827,3658
 1630,89465.430,39.893,3658
 1631,89504.375,38.946,3658
 1632,89543.430,39.050,3658
 1633,89582.930,39.503,3658
 1634,89622.914,39.991,3658
 1635,89662.727,39.806,3658
 1636,89702.398,39.674,3658
 1637,89741.664,39.261,3658
 1638,89781.016,39.354,3658
 1639,89819.984,38.977,3658
 1640,89857.672,37.673,3658
 1641,89898.148,40.488,3658
 1642,89937.352,39.199,3658
 1643,89975.578,38.231,3658
 1644,90015.211,39.629,3658
 1645,90053.531,38.318,3658
 1646,90092.516,38.986,3658
 1647,90132.250,39.740,3658
 1648,90171.141,38.882,3658
 1649,90208.727,37.583,3658
 1650,90248.148,39.428,3658
 1651,90285.586,37.438,3658
 1652,90324.266,38.685,3658
 1653,90362.531,38.265,3658
 1654,90401.375,38.835,3658
 1655,90447.539,46.171,3658
 1656,90479.688,32.139,3658
 1657,90518.156,38.472,3658
 1658,90554.063,35.904,3658
 1659,90592.289,38.231,3658
 1660,90630.539,38.250,3658
 1661,90669.813,39.272,3658
 1662,90706.953,37.145,3658
 1663,90745.219,38.267,3658
 1664,90784.258,39.036,3658
 1665,90821.109,36.854,3658
 1666,90859.555,38.441,3658
 1667,90897.414,37.858,3658
 1668,90936.203,38.795,3658
 1669,90974.422,38.210,3658
 1670,91011.664,37.242,3658
 1671,91051.609,39.956,3658
 1672,91088.625,37.014,3658
 1673,91127.430,38.803,3658
 1674,91167.328,39.894,3658
 1675,91205.023,37.692,3658
 1676,91244.391,39.371,3658
 1677,91283.758,39.367,3658
 1678,91321.602,37.849,3658
 1679,91360.273,38.676,3658
 1680,91399.391,39.105,3658
 1681,91437.672,38.287,3658
 1682,91476.094,38.418,3658
 1683,91513.164,37.072,3658
 1684,91552.438,39.276,3658
 1685,91589.547,37.108,3658
 1686,91627.422,37.875,3658
 1687,91666.508,39.086,3658
 1688,91704.125,37.619,3658
 1689,91739.766,35.642,3658
 1690,91778.258,38.489,3658
 1691,91814.578,36.325,3658
 1692,91851.078,36.497,3658
 1693,91889.914,38.834,3658
 1694,91925.719,35.803,3658
 1695,91962.727,37.012,3658
 1696,91998.453,35.724,3658
 1697,92035.156,36.701,3658
 1698,92072.578,37.427,3658
 1699,92110.547,37.972,3658
 1700,92148.164,37.610,3658
 1701,92186.617,38.461,3658
 1702,92223.680,37.054,3658
 1703,92261.492,37.818,3658
 1704,92300.938,39.445,3658
 1705,92337.031,36.089,3658
 1706,92375.141,38.112,3658
 1707,92412.297,37.161,3658
 1708,92450.945,38.649,3658
 1709,92486.992,36.034,3658
 1710,92525.602,38.623,3658
 1711,92562.516,36.909,3658
 1712,92601.352,38.835,3658
 1713,92638.078,36.721,3658
 1714,92676.742,38.663,3658
 1715,92714.461,37.727,3658
 1716,92751.016,36.552,3658
 1717,92788.820,37.802,3658
 1718,92827.477,38.657,3658
 1719,92864.680,37.200,3658
 1720,92902.000,37.323,3658
 1721,92938.281,36.284,3658
 1722,92976.227,37.949,3658
 1723,93013.438,37.206,3658
 1724,93050.219,36.787,3658
 1725,93087.063,36.835,3658
 1726,93123.227,36.173,3658
 1727,93159.477,36.245,3658
 1728,93196.789,37.311,3658
 1729,93234.508,37.722,3658
 1730,93272.016,37.500,3658
 1731,93308.133,36.120,3658
 1732,93345.828,37.696,3658
 1733,93381.273,35.452,3658
 1734,93418.688,37.410,3658
 1735,93454.672,35.978,3658
 1736,93492.078,37.413,3658
 1737,93528.820,36.746,3658
 1738,93566.836,38.011,3658
 1739,93604.320,37.479,3658
 1740,93639.727,35.407,3658
 1741,93677.094,37.368,3658
 1742,93715.227,38.139,3658
 1743,93751.664,36.432,3658
 1744,93788.383,36.720,3658
 1745,93825.508,37.124,3658
 1746,93863.141,37.637,3658
 1747,93899.266,36.130,3658
 1748,93937.992,38.717,3658
 1749,93974.742,36.749,3658
 1750,94012.188,37.451,3658
 1751,94049.781,37.592,3658
 1752,94087.391,37.608,3658
 1753,94123.234,35.844,3658
 1754,94160.344,37.110,3658
 1755,94199.859,39.516,3658
 1756,94235.398,35.535,3658
 1757,94271.945,36.553,3658
 1758,94309.391,37.440,3658
 1759,94346.930,37.542,3658
 1760,94384.297,37.375,3658
 1761,94421.031,36.721,3658
 1762,94458.250,37.225,3658
 1763,94494.539,36.291,3658
 1764,94531.617,37.084,3658
 1765,94570.000,38.369,3658
 1766,94607.125,37.131,3658
 1767,94644.781,37.655,3658
 1768,94682.445,37.664,3658
 1769,94719.289,36.849,3658
 1770,94756.617,37.326,3658
 1771,94794.344,37.725,3658
 1772,94830.797,36.451,3658
 1773,94869.227,38.434,3658
 1774,94905.500,36.271,3658
 1775,94943.047,37.548,3658
 1776,94981.578,38.531,3658
 1777,95019.227,37.651,3658
 1778,95055.813,36.585,3658
 1779,95093.391,37.572,3658
 1780,95131.633,38.253,3658
 1781,95167.992,36.345,3658
 1782,95207.336,39.349,3658
 1783,95245.984,38.645,3658
 1784,95284.773,38.796,3658
 1785,95319.773,35.001,3658
 1786,95357.656,37.873,3658
 1787,95395.352,37.697,3658
 1788,95434.438,39.089,3658
 1789,95471.891,37.458,3658
 1790,95509.930,38.042,3658
 1791,95547.844,37.907,3658
 1792,95585.477,37.635,3658
 1793,95624.078,38.598,3658
 1794,95662.047,37.972,3658
 1795,95700.102,38.057,3658
 1796,95738.930,38.831,3658
 1797,95776.602,37.669,3658
 1798,95815.203,38.600,3658
 1799,95852.656,37.452,3658
 1800,95890.930,38.279,3658
 1801,95928.844,37.912,3658
 1802,95967.742,38.896,3658
 1803,96007.383,39.641,3658
 1804,96046.375,38.986,3658
 1805,96083.531,37.161,3658
 1806,96123.234,39.704,3658
 1807,96162.828,39.595,3658
 1808,96200.602,37.773,3658
 1809,96240.547,39.947,3658
 1810,96277.352,36.801,3658
 1811,96316.516,39.163,3658
 1812,96354.102,37.588,3658
 1813,96393.078,38.978,3658
 1814,96432.547,39.466,3658
 1815,96471.727,39.179,3658
 1816,96510.984,39.253,3658
 1817,96548.938,37.962,3658
 1818,96588.477,39.538,3658
 1819,96627.352,38.874,3658
 1820,96666.055,38.703,3658
 1821,96712.938,46.886,3658
 1822,96749.477,36.537,3658
 1823,96787.969,38.498,3658
 1824,96828.133,40.159,3658
 1825,96868.383,40.243,3658
 1826,96912.781,44.405,3658
 1827,96955.320,42.533,3658
 1828,96999.266,43.957,3658
 1829,97040.492,41.218,3658
 1830,97084.984,44.492,3658
 1831,97129.352,44.370,3658
 1832,97170.281,40.932,3658
 1833,97215.680,45.392,3658
 1834,97258.398,42.717,3658
 1835,97299.070,40.674,3658
 1836,97340.898,41.833,3658
 1837,97385.719,44.816,3658
 1838,97423.547,37.829,3658
 1839,97466.961,43.421,3658
 1840,97509.297,42.336,3658
 1841,97552.922,43.624,3658
 1842,97593.633,40.707,3658
 1843,97637.836,44.201,3658
 1844,97681.617,43.790,3658
 1845,97726.844,45.221,3658
 1846,97763.344,36.493,3658
 1847,97812.539,49.202,3658
 1848,97853.883,41.347,3658
 1849,97894.648,40.755,3658
 1850,97935.914,41.272,3658
 1851,97979.266,43.354,3658
 1852,98025.602,46.340,3658
 1853,98064.391,38.776,3658
 1854,98108.273,43.888,3658
 1855,98150.844,42.571,3658
 1856,98192.063,41.219,3658
 1857,98234.438,42.378,3658
 1858,98289.828,55.386,3658
 1859,98323.469,33.642,3658
 1860,98365.922,42.459,3658
 1861,98407.258,41.332,3658
 1862,98452.883,45.622,3658
 1863,98493.523,40.646,3658
 1864,98540.320,46.789,3658
 1865,98583.000,42.680,3658
 1866,98624.086,41.085,3658
 1867,98667.391,43.310,3658
 1868,98713.438,46.047,3658
 1869,98755.266,41.829,3658
 1870,98803.281,48.021,3658
 1871,98848.953,45.671,3658
 1872,98888.609,39.651,3658
 1873,98933.320,44.704,3658
 1874,98978.719,45.402,3658
 1875,99022.789,44.071,3658
 1876,99065.742,42.953,3658
 1877,99109.297,43.564,3658
 1878,99154.070,44.767,3658
 1879,99200.156,46.085,3658
 1880,99240.148,39.994,3658
 1881,99285.797,45.648,3658
 1882,99332.313,46.514,3658
 1883,99377.109,44.795,3658
 1884,99423.258,46.150,3658
 1885,99466.930,43.677,3658
 1886,99513.719,46.780,3658
 1887,99560.031,46.317,3658
 1888,99605.953,45.925,3658
 1889,99653.836,47.882,3658
 1890,99695.813,41.970,3658
 1891,99744.195,48.392,3658
 1892,99781.086,36.885,3658
 1893,99829.750,48.661,3658
 1894,99874.555,44.810,3658
 1895,99924.820,50.266,3658
 1896,99970.172,45.353,3658
 1897,100015.109,44.931,3658
 1898,100062.023,46.916,3658
 1899,100110.461,48.441,3658
 1900,100155.570,45.107,3658
 1901,100204.563,48.993,3658
 1902,100252.000,47.436,3658
 1903,100299.938,47.943,3658
 1904,100347.773,47.833,3658
 1905,100392.695,44.913,3658
 1906,100441.000,48.309,3658
 1907,100488.367,47.364,3658
 1908,100536.133,47.772,3658
 1909,100584.922,48.790,3658
 1910,100634.375,49.450,3658
 1911,100683.641,49.259,3658
 1912,100729.617,45.990,3658
 1913,100779.281,49.661,3658
 1914,100825.211,45.930,3658
 1915,100875.188,49.974,3658
 1916,100925.641,50.453,3658
 1917,100973.039,47.394,3658
 1918,101020.352,47.311,3658
 1919,101071.313,50.964,3658
 1920,101118.117,46.806,3658
 1921,101165.523,47.408,3658
 1922,101215.453,49.928,3658
 1923,101262.602,47.153,3658
 1924,101314.359,51.750,3658
 1925,101364.625,50.273,3658
 1926,101411.594,46.966,3658
 1927,101463.461,51.867,3658
 1928,101513.945,50.487,3658
 1929,101563.109,49.164,3658
 1930,101615.094,51.978,3658
 1931,101663.016,47.921,3658
 1932,101711.609,48.605,3658
 1933,101758.031,46.413,3658
 1934,101812.016,53.982,3658
 1935,101858.086,46.076,3658
 1936,101910.211,52.122,3658
 1937,101961.477,51.272,3658
 1938,102010.734,49.254,3658
 1939,102061.750,51.010,3658
 1940,102112.797,51.049,3658
 1941,102161.992,49.195,3658
 1942,102214.672,52.683,3658
 1943,102264.664,49.988,3658
 1944,102314.789,50.127,3658
 1945,102363.430,48.644,3658
 1946,102418.102,54.669,3658
 1947,102468.820,50.717,3658
 1948,102518.531,49.718,3658
 1949,102568.945,50.410,3658
 1950,102619.172,50.224,3658
 1951,102671.875,52.712,3658
 1952,102728.789,56.908,3658
 1953,102774.422,45.629,3658
 1954,102826.945,52.535,3658
 1955,102882.148,55.198,3658
 1956,102929.117,46.963,3658
 1957,102982.727,53.610,3658
 1958,103032.180,49.453,3658
 1959,103085.875,53.697,3658
 1960,103135.000,49.126,3658
 1961,103188.180,53.183,3658
 1962,103237.852,49.672,3658
 1963,103288.898,51.045,3658
 1964,103337.641,48.741,3658
 1965,103394.078,56.438,3658
 1966,103437.719,43.637,3658
 1967,103488.883,51.173,3658
 1968,103542.719,53.825,3658
 1969,103592.516,49.807,3658
 1970,103643.938,51.416,3658
 1971,103697.445,53.506,3658
 1972,103747.047,49.601,3658
 1973,103799.367,52.325,3658
 1974,103852.211,52.845,3658
 1975,103907.242,55.031,3658
 1976,103957.617,50.373,3658
 1977,104010.117,52.502,3658
 1978,104061.633,51.511,3658
 1979,104117.719,56.082,3658
 1980,104172.180,54.472,3658
 1981,104221.508,49.322,3658
 1982,104275.141,53.634,3658
 1983,104329.250,54.115,3658
 1984,104379.148,49.894,3658
 1985,104436.742,57.594,3658
 1986,104485.523,48.783,3658
 1987,104541.609,56.089,3658
 1988,104592.773,51.154,3658
 1989,104646.586,53.817,3658
 1990,104701.648,55.055,3658
 1991,104754.148,52.509,3658
 1992,104805.656,51.498,3658
 1993,104862.703,57.049,3658
 1994,104915.273,52.579,3658
 1995,104968.789,53.515,3658
 1996,105018.508,49.715,3658
 1997,105074.797,56.289,3658
 1998,105133.594,58.801,3658
 1999,105181.539,47.948,3658
 2000,105241.016,59.467,3658
 2001,105295.500,54.490,3658
 2002,105345.109,49.603,3658
 2003,105402.891,57.788,3658
 2004,105455.180,52.290,3658
 2005,105510.945,55.762,3658
 2006,105566.789,55.845,3658
 2007,105617.367,50.576,3658
 2008,105673.547,56.181,3658
 2009,105729.031,55.486,3658
 2010,105784.219,55.191,3658
 2011,105835.461,51.241,3658
 2012,105892.266,56.807,3658
 2013,105943.922,51.651,3658
 2014,105995.398,51.473,3658
 2015,106047.969,52.569,3658
 2016,106102.758,54.792,3658
 2017,106155.539,52.781,3658
 2018,106211.055,55.515,3658
 2019,106262.328,51.269,3658
 2020,106318.609,56.287,3658
 2021,106369.477,50.870,3658
 2022,106421.125,51.648,3658
 2023,106476.563,55.434,3658
 2024,106528.258,51.702,3658
 2025,106580.117,51.853,3658
 2026,106631.000,50.877,3658
 2027,106685.367,54.370,3658
 2028,106738.367,53.000,3658
 2029,106791.320,52.954,3658
 2030,106846.031,54.714,3658
 2031,106896.156,50.125,3658
 2032,106951.984,55.822,3658
 2033,107002.273,50.298,3658
 2034,107058.117,55.844,3658
 2035,107110.328,52.203,3658
 2036,107167.305,56.978,3658
 2037,107216.547,49.251,3658
 2038,107272.016,55.460,3658
 2039,107325.469,53.459,3658
 2040,107380.922,55.457,3658
 2041,107433.305,52.376,3658
 2042,107484.648,51.342,3658
 2043,107538.969,54.320,3658
 2044,107598.820,59.855,3658
 2045,107648.922,50.103,3658
 2046,107704.242,55.317,3658
 2047,107752.836,48.592,3658
 2048,107810.648,57.809,3658
 2049,107861.227,50.587,3658
 2050,107917.570,56.341,3658
 2051,107976.180,58.612,3658
 2052,108032.227,56.048,3658
 2053,108092.672,60.440,3658
 2054,108152.492,59.820,3658
 2055,108207.461,54.972,3658
 2056,108262.320,54.858,3658
 2057,108316.305,53.981,3658
 2058,108370.156,53.859,3658
 2059,108432.891,62.732,3658
 2060,108485.641,52.741,3658
 2061,108534.328,48.694,3658
 2062,108588.781,54.456,3658
 2063,108649.055,60.267,3658
 2064,108703.602,54.558,3658
 2065,108758.344,54.731,3658
 2066,108811.320,52.981,3658
 2067,108871.172,59.856,3658
 2068,108930.391,59.210,3658
 2069,108979.398,49.015,3658
 2070,109037.648,58.246,3658
 2071,109099.586,61.945,3658
 2072,109150.773,51.183,3658
 2073,109213.320,62.538,3658
 2074,109259.359,46.045,3658
 2075,109314.977,55.617,3658
 2076,109373.766,58.789,3658
 2077,109431.094,57.330,3658
 2078,109485.875,54.782,3658
 2079,109539.266,53.397,3658
 2080,109598.836,59.564,3658
 2081,109656.609,57.777,3658
 2082,109711.586,54.977,3658
 2083,109780.484,68.890,3658
 2084,109828.898,48.423,3658
 2085,109908.586,79.685,3658
 2086,109970.336,61.746,3658
 2087,110042.359,72.025,3658
 2088,110101.875,59.518,3658
 2089,110178.117,76.238,3658
 2090,110225.570,47.453,3658
 2091,110278.922,53.357,3658
 2092,110341.039,62.110,3658
 2093,110391.547,50.511,3658
 2094,110446.367,54.816,3658
 2095,110504.438,58.070,3658
 2096,110556.070,51.640,3658
 2097,110627.523,71.453,3658
 2098,110678.953,51.422,3658
 2099,110729.555,50.611,3658
 2100,110785.773,56.216,3658
 2101,110843.000,57.226,3658
 2102,110900.867,57.868,3658
 2103,110957.938,57.068,3658
 2104,111018.266,60.332,3658
 2105,111075.813,57.548,3658
 2106,111133.523,57.711,3658
 2107,111189.656,56.129,3658
 2108,111245.805,56.146,3658
 2109,111300.398,54.592,3658
 2110,111365.586,65.197,3658
 2111,111416.594,51.008,3658
 2112,111475.594,58.999,3658
 2113,111535.586,59.991,3658
 2114,111586.969,51.372,3658
 2115,111654.828,67.869,3658
 2116,111703.445,48.612,3658
 2117,111765.336,61.887,3658
 2118,111823.383,58.051,3658
 2119,111879.477,56.093,3658
 2120,111932.586,53.112,3658
 2121,111995.719,63.127,3658
 2122,112061.367,65.653,3658
 2123,112113.734,52.364,3658
 2124,112169.492,55.760,3658
 2125,112227.086,57.597,3658
 2126,112290.680,63.594,3658
 2127,112347.648,56.964,3658
 2128,112408.633,60.981,3658
 2129,112479.211,70.588,3658
 2130,112529.531,50.316,3658
 2131,112590.047,60.513,3658
 2132,112649.734,59.687,3658
 2133,112702.836,53.111,3658
 2134,112764.719,61.877,3658
 2135,112821.625,56.906,3658
 2136,112882.289,60.663,3658
 2137,112945.914,63.632,3658
 2138,113003.266,57.351,3658
 2139,113062.453,59.187,3658
 2140,113120.102,57.643,3658
 2141,113189.063,68.959,3658
 2142,113250.500,61.441,3658
 2143,113304.180,53.684,3658
 2144,113366.266,62.084,3658
 2145,113426.227,59.957,3658
 2146,113488.930,62.704,3658
 2147,113552.516,63.586,3658
 2148,113603.719,51.206,3658
 2149,113666.117,62.392,3658
 2150,113731.445,65.335,3658
 2151,113789.625,58.175,3658
 2152,113848.805,59.181,3658
 2153,113904.859,56.055,3658
 2154,113961.406,56.546,3658
 2155,114026.008,64.597,3658
 2156,114092.359,66.359,3658
 2157,114152.148,59.787,3658
 2158,114205.781,53.635,3658
 2159,114272.219,66.439,3658
 2160,114327.664,55.440,3658
 2161,114393.008,65.344,3658
 2162,114452.281,59.271,3658
 2163,114515.680,63.400,3658
 2164,114572.578,56.900,3658
 2165,114631.430,58.852,3658
 2166,114685.594,54.169,3658
 2167,114752.133,66.535,3658
 2168,114808.539,56.406,3658
 2169,114870.992,62.447,3658
 2170,114934.914,63.932,3658
 2171,114994.531,59.614,3658
 2172,115051.156,56.624,3658
 2173,115113.016,61.856,3658
 2174,115175.797,62.782,3658
 2175,115233.891,58.095,3658
 2176,115295.859,61.976,3658
 2177,115360.852,64.985,3658
 2178,115414.945,54.093,3658
 2179,115475.859,60.921,3658
 2180,115541.563,65.698,3658
 2181,115598.227,56.670,3658
 2182,115665.438,67.203,3658
 2183,115714.500,49.066,3658
 2184,115774.836,60.335,3658
 2185,115834.234,59.398,3658
 2186,115896.406,62.172,3658
 2187,115952.859,56.454,3658
 2188,116022.328,69.462,3658
 2189,116076.547,54.228,3658
 2190,116137.078,60.526,3658
 2191,116198.891,61.814,3658
 2192,116259.594,60.709,3658
 2193,116321.859,62.260,3658
 2194,116387.469,65.607,3658
 2195,116444.438,56.969,3658
 2196,116512.383,67.948,3658
 2197,116570.695,58.313,3658
 2198,116625.727,55.027,3658
 2199,116689.836,64.117,3658
 2200,116755.656,65.814,3658
 2201,116807.609,51.954,3658
 2202,116867.586,59.983,3658
 2203,116930.641,63.044,3658
 2204,116995.563,64.928,3658
 2205,117060.617,65.049,3658
 2206,117122.180,61.573,3658
 2207,117177.680,55.494,3658
 2208,117242.922,65.249,3658
 2209,117305.719,62.788,3658
 2210,117368.922,63.206,3658
 2211,117425.656,56.732,3658
 2212,117494.086,68.434,3658
 2213,117554.477,60.391,3658
 2214,117612.320,57.837,3658
 2215,117671.430,59.113,3658
 2216,117742.344,70.916,3658
 2217,117794.281,51.931,3658
 2218,117855.555,61.277,3658
 2219,117919.477,63.926,3658
 2220,117992.195,72.718,3658
 2221,118045.078,52.879,3658
 2222,118105.016,59.934,3658
 2223,118165.766,60.756,3658
 2224,118231.555,65.787,3658
 2225,118300.438,68.888,3658
 2226,118357.633,57.189,3658
 2227,118429.109,71.477,3658
 2228,118489.672,60.565,3658
 2229,118546.773,57.101,3658
 2230,118605.320,58.548,3658
 2231,118682.250,76.929,3658
 2232,118742.281,60.024,3658
 2233,118798.953,56.673,3658
 2234,118866.484,67.538,3658
 2235,118918.906,52.425,3658
 2236,118992.281,73.367,3658
 2237,119054.281,62.002,3658
 2238,119125.367,71.090,3658
 2239,119182.766,57.393,3658
 2240,119245.555,62.799,3658
 2241,119314.945,69.378,3658
 2242,119370.102,55.164,3658
 2243,119439.172,69.070,3658
 2244,119495.453,56.282,3658
 2245,119565.477,70.022,3658
 2246,119629.195,63.720,3658
 2247,119688.336,59.137,3658
 2248,119758.820,70.487,3658
 2249,119822.438,63.614,3658
 2250,119887.305,64.864,3658
 2251,119950.133,62.836,3658
 2252,120023.242,73.110,3658
 2253,120080.195,56.950,3658
 2254,120152.180,71.984,3658
 2255,120211.813,59.635,3658
 2256,120269.070,57.252,3658
 2257,120334.773,65.710,3658
 2258,120406.938,72.153,3658
 2259,120465.609,58.677,3658
 2260,120529.188,63.587,3658
 2261,120596.461,67.267,3658
 2262,120665.672,69.207,3658
 2263,120721.969,56.301,3658
 2264,120784.734,62.768,3658
 2265,120865.430,80.694,3658
 2266,120929.828,64.401,3658
 2267,120983.109,53.275,3658
 2268,121051.625,68.512,3658
 2269,121116.211,64.599,3658
 2270,121176.398,60.182,3658
 2271,121237.281,60.880,3658
 2272,121302.297,65.012,3658
 2273,121375.922,73.636,3658
 2274,121432.531,56.605,3658
 2275,121494.328,61.792,3658
 2276,121581.781,87.459,3658
 2277,121625.859,44.076,3658
 2278,121694.063,68.204,3658
 2279,121765.375,71.310,3658
 2280,121824.852,59.481,3658
 2281,121885.477,60.623,3658
 2282,121953.266,67.787,3658
 2283,122025.141,71.873,3658
 2284,122088.156,63.022,3658
 2285,122152.727,64.566,3658
 2286,122214.984,62.259,3658
 2287,122286.141,71.160,3658
 2288,122353.039,66.893,3658
 2289,122419.773,66.733,3658
 2290,122482.930,63.153,3658
 2291,122545.961,63.037,3658
 2292,122615.531,69.575,3658
 2293,122675.867,60.332,3658
 2294,122749.289,73.418,3658
 2295,122804.633,55.345,3658
 2296,122874.727,70.097,3658
 2297,122945.703,70.977,3658
 2298,123002.297,56.591,3658
 2299,123072.469,70.178,3658
 2300,123131.523,59.054,3658
 2301,123207.094,75.567,3658
 2302,123267.477,60.380,3658
 2303,123334.453,66.981,3658
 2304,123405.930,71.466,3658
 2305,123466.711,60.784,3658
 2306,123531.656,64.952,3658
 2307,123591.422,59.767,3658
 2308,123649.727,58.299,3658
 2309,123715.438,65.716,3658
 2310,123787.844,72.410,3658
 2311,123852.086,64.234,3658
 2312,123906.875,54.792,3658
 2313,123982.719,75.841,3658
 2314,124044.438,61.719,3658
 2315,124102.094,57.655,3658
 2316,124162.789,60.698,3658
 2317,124228.188,65.399,3658
 2318,124296.188,67.999,3658
 2319,124359.297,63.104,3658
 2320,124422.828,63.541,3658
 2321,124487.508,64.681,3658
 2322,124548.820,61.312,3658
 2323,124613.195,64.371,3658
 2324,124682.406,69.213,3658
 2325,124745.438,63.026,3658
 2326,124799.992,54.559,3658
 2327,124864.242,64.251,3658
 2328,124932.445,68.200,3658
 2329,124996.398,63.952,3658
 2330,125060.070,63.677,3658
 2331,125129.984,69.909,3658
 2332,125186.266,56.283,3658
 2333,125256.805,70.540,3658
 2334,125325.469,68.663,3658
 2335,125382.953,57.481,3658
 2336,125450.891,67.946,3658
 2337,125518.781,67.888,3658
 2338,125581.430,62.644,3658
 2339,125632.578,51.154,3658
 2340,125706.430,73.847,3658
 2341,125772.695,66.267,3658
 2342,125827.828,55.134,3658
 2343,125889.617,61.782,3658
 2344,125950.922,61.307,3658
 2345,126021.781,70.860,3658
 2346,126087.156,65.378,3658
 2347,126141.352,54.195,3658
 2348,126214.078,72.723,3658
 2349,126278.570,64.502,3658
 2350,126338.875,60.299,3658
 2351,126402.727,63.850,3658
 2352,126458.320,55.590,3658
 2353,126528.594,70.275,3658
 2354,126583.594,54.998,3658
 2355,126645.523,61.941,3658
 2356,126715.797,70.272,3658
 2357,126778.813,63.009,3658
 2358,126850.117,71.307,3658
 2359,126904.352,54.232,3658
 2360,126968.531,64.182,3658
 2361,127029.789,61.260,3658
 2362,127097.727,67.932,3658
 2363,127155.211,57.487,3658
 2364,127232.633,77.416,3658
 2365,127282.672,50.046,3658
 2366,127346.664,63.991,3658
 2367,127419.141,72.482,3658
 2368,127473.906,54.765,3658
 2369,127538.180,64.267,3658
 2370,127595.727,57.546,3658
 2371,127658.898,63.180,3658
 2372,127722.328,63.419,3658
 2373,127789.859,67.538,3658
 2374,127845.188,55.330,3658
 2375,127910.648,65.452,3658
 2376,127974.906,64.267,3658
 2377,128045.297,70.383,3658
 2378,128110.422,65.132,3658
 2379,128166.039,55.613,3658
 2380,128235.406,69.371,3658
 2381,128306.023,70.616,3658
 2382,128357.258,51.228,3658
 2383,128424.758,67.503,3658
 2384,128488.547,63.794,3658
 2385,128550.039,61.492,3658
 2386,128621.617,71.574,3658
 2387,128683.234,61.624,3658
 2388,128746.109,62.868,3658
 2389,128809.563,63.456,3658
 2390,128873.719,64.158,3658
 2391,128932.234,58.515,3658
 2392,129005.055,72.814,3658
 2393,129062.617,57.559,3658
 2394,129125.586,62.975,3658
 2395,129185.672,60.085,3658
 2396,129248.531,62.862,3658
 2397,129312.469,63.938,3658
 2398,129377.828,65.360,3658
 2399,129440.703,62.869,3658
 2400,129509.461,68.763,3658
 2401,129567.477,58.013,3658
 2402,129635.922,68.442,3658
 2403,129705.477,69.562,3658
 2404,129765.281,59.800,3658
 2405,129834.500,69.224,3658
 2406,129899.492,64.995,3658
 2407,129967.961,68.464,3658
 2408,130029.633,61.666,3658
 2409,130101.063,71.436,3658
 2410,130159.859,58.794,3658
 2411,130226.039,66.179,3658
 2412,130294.227,68.191,3658
 2413,130362.891,68.665,3658
 2414,130428.555,65.667,3658
 2415,130490.945,62.382,3658
 2416,130555.469,64.529,3658
 2417,130623.453,67.983,3658
 2418,130689.461,66.007,3658
 2419,130751.094,61.630,3658
 2420,130815.602,64.506,3658
 2421,130880.195,64.602,3658
 2422,130946.344,66.146,3658
 2423,131005.352,59.005,3658
 2424,131074.625,69.269,3658
 2425,131130.969,56.344,3658
 2426,131198.703,67.750,3658
 2427,131262.234,63.525,3658
 2428,131323.500,61.266,3658
 2429,131392.547,69.049,3658
 2430,131450.422,57.860,3658
 2431,131519.156,68.741,3658
 2432,131582.438,63.281,3658
 2433,131640.219,57.787,3658
 2434,131702.125,61.905,3658
 2435,131768.313,66.191,3658
 2436,131835.453,67.133,3658
 2437,131893.625,58.179,3658
 2438,131958.875,65.250,3658
 2439,132020.234,61.359,3658
 2440,132083.234,63.001,3658
 2441,132145.203,61.969,3658
 2442,132209.281,64.069,3658
 2443,132274.813,65.539,3658
 2444,132334.016,59.199,3658
 2445,132399.234,65.223,3658
 2446,132460.125,60.887,3658
 2447,132526.313,66.194,3658
 2448,132589.469,63.147,3658
 2449,132650.953,61.485,3658
 2450,132712.109,61.149,3658
 2451,132774.969,62.873,3658
 2452,132829.547,54.577,3658
 2453,132887.766,58.204,3658
 2454,132953.828,66.069,3658
 2455,133011.953,58.128,3658
 2456,133078.688,66.740,3658
 2457,133135.125,56.436,3658
 2458,133201.828,66.694,3658
 2459,133259.500,57.672,3658
 2460,133321.375,61.877,3658
 2461,133382.531,61.167,3658
 2462,133443.906,61.364,3658
 2463,133503.688,59.794,3658
 2464,133568.375,64.683,3658
 2465,133626.578,58.206,3658
 2466,133693.563,66.983,3658
 2467,133751.016,57.448,3658
 2468,133818.016,67.010,3658
 2469,133875.109,57.087,3658
 2470,133937.781,62.665,3658
 2471,133998.219,60.440,3658
 2472,134059.094,60.865,3658
 2473,134124.078,64.991,3658
 2474,134184.375,60.296,3658
 2475,134241.531,57.163,3658
 2476,134305.422,63.885,3658
 2477,134363.969,58.550,3658
 2478,134423.234,59.266,3658
 2479,134485.766,62.533,3658
 2480,134547.250,61.492,3658
 2481,134611.438,64.174,3658
 2482,134668.766,57.332,3658
 2483,134730.797,62.021,3658
 2484,134792.203,61.414,3658
 2485,134850.594,58.402,3658
 2486,134908.000,57.407,3658
 2487,134974.656,66.648,3658
 2488,135029.984,55.335,3658
 2489,135090.688,60.703,3658
 2490,135151.578,60.874,3658
 2491,135206.938,55.364,3658
 2492,135270.750,63.807,3658
 2493,135329.953,59.213,3658
 2494,135388.828,58.866,3658
 2495,135446.422,57.608,3658
 2496,135507.859,61.440,3658
 2497,135561.641,53.769,3658
 2498,135616.922,55.283,3658
 2499,135673.109,56.195,3658
 2500,135734.344,61.229,3658
 2501,135794.578,60.237,3658
 2502,135848.719,54.150,3658
 2503,135904.422,55.698,3658
 2504,135965.313,60.883,3658
 2505,136019.531,54.214,3658
 2506,136081.516,61.989,3658
 2507,136132.438,50.920,3658
 2508,136197.438,65.002,3658
 2509,136248.750,51.309,3658
 2510,136305.547,56.790,3658
 2511,136365.016,59.483,3658
 2512,136426.922,61.898,3658
 2513,136482.078,55.158,3658
 2514,136542.703,60.642,3658
 2515,136598.188,55.466,3658
 2516,136658.703,60.528,3658
 2517,136713.719,55.005,3658
 2518,136769.906,56.191,3658
 2519,136827.047,57.140,3658
 2520,136882.688,55.641,3658
 2521,136946.016,63.341,3658
 2522,137004.641,58.610,3658
 2523,137058.781,54.129,3658
 2524,137112.563,53.805,3658
 2525,137178.797,66.211,3658
 2526,137231.219,52.434,3658
 2527,137289.063,57.840,3658
 2528,137347.516,58.453,3658
 2529,137405.719,58.203,3658
 2530,137463.031,57.321,3658
 2531,137522.984,59.946,3665
 2532,137582.797,59.813,3668
 2533,137644.703,61.912,3669
 2534,137698.969,54.258,3670
 2535,137758.281,59.307,3670
 2536,137815.766,57.498,3670
 2537,137877.359,61.602,3670
 2538,137932.109,54.740,3670
 2539,137987.344,55.235,3670
 2540,138051.281,63.938,3670
 2541,138105.688,54.408,3670
 2542,138166.141,60.439,3670
 2543,138222.625,56.495,3670
 2544,138286.047,63.434,3670
 2545,138342.094,56.029,3670
 2546,138402.141,60.049,3670
 2547,138455.969,53.831,3670
 2548,138523.484,67.511,3670
 2549,138572.375,48.899,3670
 2550,138631.313,58.934,3670
 2551,138689.031,57.718,3670
 2552,138753.422,64.385,3670
 2553,138804.438,51.025,3670
 2554,138861.891,57.446,3670
 2555,138921.828,59.952,3670
 2556,138978.766,56.919,3670
 2557,139037.500,58.733,3670
 2558,139089.500,52.009,3670
 2559,139152.391,62.883,3670
 2560,139207.984,55.607,3670
 2561,139263.750,55.758,3670
 2562,139321.641,57.888,3670
 2563,139384.984,63.351,3670
 2564,139437.719,52.728,3670
 2565,139496.500,58.793,3670
 2566,139555.781,59.274,3670
 2567,139613.438,57.643,3670
 2568,139671.047,57.616,3670
 2569,139730.484,59.439,3670
 2570,139781.781,51.306,3670
 2571,139841.500,59.703,3670
 2572,139901.469,59.967,3670
 2573,139959.266,57.813,3670
 2574,140012.281,53.014,3670
 2575,140067.781,55.507,3670
 2576,140125.031,57.247,3670
 2577,140187.359,62.338,3670
 2578,140237.594,50.213,3670
 2579,140299.844,62.264,3670
 2580,140355.203,55.354,3670
 2581,140413.234,58.038,3670
 2582,140469.328,56.091,3670
 2583,140527.156,57.821,3670
 2584,140581.313,54.166,3670
 2585,140641.891,60.576,3670
 2586,140691.203,49.314,3670
 2587,140746.688,55.484,3670
 2588,140804.078,57.370,3670
 2589,140864.484,60.428,3670
 2590,140921.500,57.005,3670
 2591,140975.359,53.860,3670
 2592,141030.313,54.959,3670
 2593,141089.016,58.696,3670
 2594,141143.141,54.135,3670
 2595,141202.578,59.436,3670
 2596,141264.641,62.055,3670
 2597,141317.281,52.646,3670
 2598,141375.563,58.268,3670
 2599,141436.094,60.526,3670
 2600,141492.109,56.020,3670
 2601,141552.156,60.057,3670
 2602,141613.859,61.701,3670
 2603,141677.625,63.762,3670
 2604,141732.328,54.709,3670
 2605,141796.406,64.085,3670
 2606,141862.703,66.304,3670
 2607,141926.781,64.052,3670
 2608,141988.125,61.355,3670
 2609,142057.234,69.112,3670
 2610,142114.969,57.736,3670
 2611,142178.813,63.829,3670
 2612,142241.422,62.618,3670
 2613,142305.688,64.261,3670
 2614,142370.266,64.588,3670
 2615,142436.547,66.278,3670
 2616,142497.578,61.030,3670
 2617,142556.969,59.397,3670
 2618,142619.469,62.496,3670
 2619,142691.438,71.955,3670
 2620,142749.359,57.944,3670
 2621,142844.938,95.559,3670
 2622,142871.453,26.514,3670
 2623,142934.969,63.528,3670
 2624,143000.672,65.704,3670
 2625,143059.641,58.969,3670
 2626,143126.328,66.688,3670
 2627,143187.016,60.679,3670
 2628,143248.797,61.774,3670
 2629,143312.641,63.870,3670
 2630,143376.391,63.745,3670
 2631,143436.281,59.887,3670
 2632,143498.766,62.468,3670
 2633,143564.313,65.561,3670
 2634,143629.000,64.692,3670
 2635,143693.625,64.618,3670
 2636,143752.141,58.516,3670
 2637,143818.844,66.701,3670
 2638,143879.906,61.076,3670
 2639,143945.016,65.096,3670
 2640,144003.563,58.553,3670
 2641,144070.781,67.209,3670
 2642,144128.953,58.178,3670
 2643,144194.734,65.767,3670
 2644,144258.547,63.828,3670
 2645,144322.297,63.748,3670
 2646,144389.391,67.078,3670
 2647,144452.063,62.677,3670
 2648,144520.031,67.991,3670
 2649,144586.078,66.022,3670
 2650,144648.203,62.137,3670
 2651,144712.250,64.051,3670
 2652,144776.609,64.354,3670
 2653,144844.234,67.626,3670
 2654,144906.250,62.006,3670
 2655,144970.094,63.844,3670
 2656,145032.109,62.013,3670
 2657,145096.141,64.035,3670
 2658,145159.172,63.051,3670
 2659,145217.594,58.403,3670
 2660,145285.359,67.782,3670
 2661,145350.188,64.816,3670
 2662,145410.313,60.123,3670
 2663,145475.734,65.429,3670
 2664,145544.703,68.971,3670
 2665,145608.063,63.345,3670
 2666,145665.953,57.907,3670
 2667,145733.547,67.579,3670
 2668,145795.875,62.348,3670
 2669,145863.891,68.004,3670
 2670,145927.281,63.398,3670
 2671,145992.141,64.851,3670
 2672,146055.516,63.379,3670
 2673,146121.500,65.971,3670
 2674,146189.781,68.288,3670
 2675,146245.453,55.665,3670
 2676,146312.359,66.924,3670
 2677,146371.953,59.590,3670
 2678,146435.438,63.480,3670
 2679,146496.141,60.692,3670
 2680,146562.391,66.269,3670
 2681,146621.703,59.313,3670
 2682,146693.031,71.325,3670
 2683,146751.656,58.622,3670
 2684,146812.078,60.418,3670
 2685,146875.266,63.189,3670
 2686,146935.469,60.198,3670
 2687,147001.344,65.893,3670
 2688,147058.313,56.955,3670
 2689,147122.672,64.369,3670
 2690,147183.922,61.255,3670
 2691,147249.406,65.459,3670
 2692,147310.625,61.236,3670
 2693,147374.734,64.097,3670
 2694,147433.563,58.838,3670
 2695,147496.422,62.862,3670
 2696,147562.031,65.617,3670
 2697,147622.266,60.227,3670
 2698,147681.891,59.631,3670
 2699,147743.219,61.322,3670
 2700,147808.406,65.184,3670
 2701,147869.422,61.013,3670
 2702,147931.609,62.192,3670
 2703,147992.141,60.527,3670
 2704,148055.188,63.057,3670
 2705,148115.203,60.005,3670
 2706,148178.953,63.754,3670
 2707,148240.094,61.137,3670
 2708,148302.609,62.528,3670
 2709,148364.719,62.089,3670
 2710,148426.750,62.032,3670
 2711,148485.359,58.631,3670
 2712,148552.766,67.389,3670
 2713,148613.000,60.234,3670
 2714,148669.234,56.248,3670
 2715,148735.516,66.265,3670
 2716,148797.547,62.028,3670
 2717,148851.875,54.347,3670
 2718,148917.766,65.878,3670
 2719,148977.766,60.010,3670
 2720,149041.531,63.751,3670
 2721,149101.391,59.870,3670
 2722,149162.406,61.009,3670
 2723,149224.984,62.582,3670
 2724,149280.344,55.366,3670
 2725,149341.297,60.953,3670
 2726,149404.063,62.751,3670
 2727,149461.422,57.360,3670
 2728,149527.516,66.104,3670
 2729,149589.969,62.453,3670
 2730,149654.500,64.527,3670
 2731,149715.969,61.475,3670
 2732,149776.344,60.366,3670
 2733,149836.828,60.485,3670
 2734,149900.625,63.813,3670
 2735,149962.125,61.487,3670
 2736,150022.172,60.050,3670
 2737,150082.203,60.032,3670
 2738,150143.953,61.749,3670
 2739,150208.953,64.997,3670
 2740,150265.719,56.762,3670
 2741,150327.906,62.203,3670
 2742,150388.766,60.838,3670
 2743,150450.172,61.414,3670
 2744,150511.625,61.452,3670
 2745,150572.500,60.886,3670
 2746,150630.500,57.997,3670
 2747,150692.766,62.252,3670
 2748,150753.422,60.668,3670
 2749,150811.313,57.897,3670
 2750,150871.172,59.854,3670
 2751,150935.891,64.715,3670
 2752,150995.141,59.251,3670
 2753,151053.516,58.373,3670
 2754,151116.750,63.237,3670
 2755,151175.750,59.001,3670
 2756,151233.531,57.782,3670
 2757,151291.313,57.786,3670
 2758,151358.469,67.154,3670
 2759,151414.078,55.594,3670
 2760,151474.875,60.801,3670
 2761,151541.719,66.849,3670
 2762,151605.406,63.682,3670
 2763,151668.563,63.171,3670
 2764,151727.875,59.311,3670
 2765,151795.313,67.438,3670
 2766,151858.250,62.925,3670
 2767,151922.406,64.171,3670
 2768,151983.047,60.636,3670
 2769,152058.828,75.777,3670
 2770,152112.391,53.566,3670
 2771,152172.078,59.683,3670
 2772,152246.406,74.336,3670
 2773,152294.344,47.930,3670
 2774,152356.453,62.116,3670
 2775,152414.875,58.410,3670
 2776,152473.328,58.473,3670
 2777,152528.844,55.504,3670
 2778,152585.469,56.615,3670
 2779,152645.438,59.964,3670
 2780,152694.922,49.503,3670
 2781,152750.266,55.333,3670
 2782,152813.188,62.933,3670
 2783,152865.047,51.852,3670
 2784,152926.188,61.136,3670
 2785,152978.797,52.611,3670
 2786,153045.922,67.141,3670
 2787,153100.891,54.950,3670
 2788,153154.563,53.687,3670
 2789,153212.250,57.680,3670
 2790,153278.719,66.454,3670
 2791,153330.813,52.109,3670
 2792,153387.625,56.807,3670
 2793,153443.125,55.506,3670
 2794,153502.594,59.478,3670
 2795,153558.469,55.861,3670
 2796,153618.156,59.683,3670
 2797,153669.156,51.010,3670
 2798,153723.516,54.356,3670
 2799,153789.578,66.058,3670
 2800,153847.672,58.098,3670
 2801,153905.922,58.255,3670
 2802,153955.500,49.573,3670
 2803,154013.313,57.827,3670
 2804,154072.266,58.932,3670
 2805,154134.703,62.430,3670
 2806,154186.125,51.440,3670
 2807,154250.453,64.332,3670
 2808,154306.344,55.878,3670
 2809,154366.328,59.994,3670
 2810,154418.906,52.565,3670
 2811,154478.875,59.978,3670
 2812,154534.766,55.878,3670
 2813,154600.078,65.323,3670
 2814,154653.391,53.301,3670
 2815,154710.438,57.063,3670
 2816,154768.344,57.903,3670
 2817,154826.500,58.157,3670
 2818,154882.984,56.480,3670
 2819,154936.672,53.704,3670
 2820,154992.438,55.758,3670
 2821,155056.609,64.171,3670
 2822,155110.797,54.183,3670
 2823,155157.438,46.636,3670
 2824,155222.391,64.963,3670
 2825,155279.953,57.568,3670
 2826,155338.797,58.835,3670
 2827,155398.656,59.864,3670
 2828,155461.828,63.173,3670
 2829,155528.406,66.567,3670
 2830,155578.359,49.963,3670
 2831,155636.094,57.729,3670
 2832,155695.484,59.379,3670
 2833,155754.203,58.725,3670
 2834,155811.016,56.823,3670
 2835,155872.047,61.021,3670
 2836,155934.656,62.620,3670
 2837,155991.953,57.301,3670
 2838,156047.000,55.043,3670
 2839,156107.766,60.757,3670
 2840,156167.813,60.056,3670
 2841,156224.109,56.288,3670
 2842,156286.406,62.297,3670
 2843,156343.078,56.671,3670
 2844,156400.078,57.005,3670
 2845,156459.594,59.506,3670
 2846,156517.797,58.218,3670
 2847,156578.438,60.632,3670
 2848,156636.922,58.490,3670
 2849,156692.906,55.976,3670
 2850,156755.313,62.412,3670
 2851,156813.281,57.975,3670
 2852,156871.047,57.762,3670
 2853,156930.781,59.721,3670
 2854,156986.188,55.416,3670
 2855,157043.563,57.372,3670
 2856,157103.313,59.764,3670
 2857,157161.016,57.689,3670
 2858,157221.234,60.220,3670
 2859,157280.641,59.419,3670
 2860,157337.906,57.263,3670
 2861,157399.563,61.637,3670
 2862,157455.781,56.237,3670
 2863,157517.531,61.745,3670
 2864,157577.438,59.897,3670
 2865,157636.000,58.582,3670
 2866,157696.922,60.901,3670
 2867,157755.469,58.542,3670
 2868,157813.703,58.248,3670
 2869,157868.313,54.611,3670
 2870,157929.453,61.127,3670
 2871,157985.328,55.893,3670
 