Frame, Time (ms), Delta (ms) , Memory (mb)
    1, 0.000, 0.000,2832
    2,55.386,55.386,3885
    3,126.404,71.018,3885
    4,188.952,62.548,3885
    5,248.938,59.986,3885
    6,317.488,68.550,3885
    7,379.359,61.871,3885
    8,453.565,74.206,3885
    9,515.902,62.337,3885
   10,584.714,68.812,3885
   11,651.479,66.765,3885
   12,714.540,63.061,3885
   13,781.723,67.183,3885
   14,855.811,74.088,3885
   15,911.486,55.675,3885
   16,978.128,66.642,3885
   17,1042.278,64.150,3885
   18,1107.026,64.748,3885
   19,1174.390,67.364,3885
   20,1237.751,63.361,3885
   21,1303.327,65.576,3885
   22,1371.965,68.638,3885
   23,1433.999,62.034,3885
   24,1509.374,75.375,3885
   25,1564.347,54.973,3885
   26,1635.372,71.025,3885
   27,1697.681,62.309,3885
   28,1761.380,63.699,3885
   29,1824.141,62.761,3885
   30,1892.238,68.097,3885
   31,1951.947,59.709,3885
   32,2021.985,70.038,3885
   33,2086.236,64.251,3885
   34,2154.300,68.064,3887
   35,2219.522,65.222,3887
   36,2288.452,68.930,3887
   37,2353.037,64.585,3887
   38,2414.762,61.725,3887
   39,2481.945,67.183,3887
   40,2548.109,66.164,3887
   41,2613.412,65.303,3887
   42,2677.984,64.572,3887
   43,2744.882,66.898,3887
   44,2806.481,61.599,3887
   45,2871.883,65.402,3887
   46,2939.930,68.047,3887
   47,3000.240,60.310,3887
   48,3063.785,63.545,3887
   49,3128.532,64.747,3887
   50,3195.816,67.284,3887
   51,3256.175,60.359,3887
   52,3322.933,66.758,3887
   53,3387.297,64.364,3885
   54,3453.028,65.731,3885
   55,3516.794,63.766,3885
   56,3582.155,65.361,3885
   57,3645.496,63.341,3885
   58,3711.328,65.832,3885
   59,3770.410,59.082,3885
   60,3836.023,65.613,3885
   61,3895.803,59.780,3885
   62,3960.897,65.094,3885
   63,4025.668,64.771,3885
   64,4088.740,63.072,3885
   65,4152.359,63.619,3885
   66,4216.142,63.783,3885
   67,4276.787,60.645,3885
   68,4342.127,65.340,3885
   69,4404.946,62.819,3885
   70,4470.056,65.110,3885
   71,4533.695,63.639,3885
   72,4598.081,64.386,3885
   73,4657.444,59.363,3885
   74,4723.037,65.593,3885
   75,4784.147,61.110,3885
   76,4858.125,73.978,3885
   77,4914.468,56.343,3885
   78,4976.470,62.002,3885
   79,5035.960,59.490,3885
   80,5102.078,66.118,3885
   81,5161.910,59.832,3885
   82,5229.332,67.422,3885
   83,5292.758,63.426,3885
   84,5356.576,63.818,3885
   85,5417.156,60.580,3885
   86,5481.760,64.604,3885
   87,5543.003,61.243,3885
   88,5608.583,65.580,3885
   89,5668.914,60.331,3885
   90,5733.786,64.872,3885
   91,5795.090,61.304,3885
   92,5860.543,65.453,3885
   93,5920.609,60.066,3885
   94,5985.187,64.577,3885
   95,6045.954,60.768,3885
   96,6110.890,64.936,3885
   97,6171.681,60.791,3885
   98,6234.838,63.157,3885
   99,6297.244,62.406,3885
  100,6362.930,65.686,3885
  101,6424.528,61.598,3885
  102,6486.807,62.279,3885
  103,6549.260,62.453,3885
  104,6613.233,63.973,3885
  105,6673.692,60.459,3885
  106,6736.525,62.833,3885
  107,6798.457,61.931,3885
  108,6864.795,66.339,3885
  109,6925.650,60.855,3885
  110,6990.182,64.532,3885
  111,7051.702,61.520,3885
  112,7115.604,63.902,3885
  113,7176.354,60.750,3885
  114,7240.740,64.386,3885
  115,7303.832,63.091,3885
  116,7369.086,65.255,3885
  117,7428.714,59.628,3885
  118,7495.831,67.116,3885
  119,7556.367,60.537,3885
  120,7622.362,65.995,3885
  121,7685.581,63.218,3885
  122,7750.417,64.836,3885
  123,7808.737,58.321,3885
  124,7877.629,68.892,3885
  125,7938.348,60.719,3885
  126,8005.924,67.576,3885
  127,8066.817,60.893,3885
  128,8136.322,69.505,3885
  129,8197.751,61.429,3885
  130,8259.749,61.998,3885
  131,8325.747,65.998,3885
  132,8390.104,64.357,3885
  133,8452.410,62.306,3885
  134,8518.211,65.801,3885
  135,8581.651,63.440,3885
  136,8647.764,66.112,3885
  137,8711.767,64.003,3885
  138,8774.638,62.871,3885
  139,8839.934,65.296,3885
  140,8906.537,66.604,3885
  141,8969.645,63.107,3885
  142,9038.455,68.811,3885
  143,9098.743,60.288,3885
  144,9166.603,67.859,3885
  145,9229.488,62.886,3885
  146,9298.865,69.377,3885
  147,9360.171,61.305,3885
  148,9426.550,66.379,3885
  149,9490.209,63.660,3885
  150,9559.455,69.246,3887
  151,9621.937,62.481,3887
  152,9690.986,69.050,3887
  153,9754.071,63.085,3887
  154,9822.202,68.131,3887
  155,9885.435,63.232,3887
  156,9955.021,69.587,3887
  157,10017.474,62.452,3887
  158,10082.965,65.491,3887
  159,10147.547,64.582,3887
  160,10218.439,70.893,3889
  161,10283.169,64.729,3891
  162,10348.243,65.075,3891
  163,10414.083,65.840,3889
  164,10481.931,67.847,3889
  165,10547.997,66.067,3889
  166,10617.211,69.213,3889
  167,10682.692,65.482,3891
  168,10758.228,75.535,3891
  169,10824.876,66.648,3891
  170,10891.409,66.534,3891
  171,10957.865,66.456,3891
  172,11029.335,71.469,3891
  173,11097.021,67.687,3891
  174,11172.299,75.277,3891
  175,11233.619,61.321,3891
  176,11308.368,74.749,3891
  177,11374.094,65.725,3891
  178,11446.467,72.373,3891
  179,11514.668,68.201,3891
  180,11587.999,73.331,3891
  181,11652.035,64.037,3891
  182,11725.135,73.099,3891
  183,11794.263,69.128,3891
  184,11867.363,73.101,3891
  185,11935.723,68.359,3891
  186,12001.579,65.857,3891
  187,12069.037,67.458,3891
  188,12135.652,66.615,3891
  189,12203.215,67.562,3891
  190,12277.828,74.614,3891
  191,12343.280,65.452,3891
  192,12420.151,76.871,3891
  193,12485.438,65.287,3891
  194,12554.821,69.383,3893
  195,12620.687,65.865,3893
  196,12694.751,74.064,3893
  197,12763.310,68.559,3893
  198,12834.939,71.630,3893
  199,12899.696,64.757,3893
  200,12967.887,68.190,3893
  201,13034.744,66.858,3893
  202,13110.295,75.550,3893
  203,13177.334,67.039,3893
  204,13248.858,71.525,3893
  205,13317.218,68.359,3893
  206,13391.027,73.810,3893
  207,13458.459,67.431,3893
  208,13526.985,68.527,3893
  209,13594.439,67.454,3893
  210,13661.864,67.425,3893
  211,13729.966,68.101,3893
  212,13801.830,71.864,3893
  213,13864.134,62.304,3893
  214,13935.565,71.432,3893
  215,14007.358,71.793,3893
  216,14074.802,67.443,3893
  217,14135.661,60.859,3893
  218,14210.462,74.801,3893
  219,14280.785,70.323,3893
  220,14346.597,65.812,3893
  221,14411.358,64.762,3893
  222,14484.719,73.360,3893
  223,14552.021,67.302,3893
  224,14624.649,72.629,3893
  225,14684.389,59.739,3893
  226,14758.267,73.878,3893
  227,14825.919,67.652,3893
  228,14894.649,68.731,3893
  229,14958.600,63.950,3893
  230,15027.853,69.253,3893
  231,15090.114,62.262,3893
  232,15168.191,78.077,3893
  233,15230.229,62.037,3893
  234,15301.854,71.626,3893
  235,15363.915,62.060,3893
  236,15434.399,70.485,3893
  237,15501.299,66.899,3893
  238,15580.680,79.381,3893
  239,15645.044,64.364,3893
  240,15715.953,70.909,3893
  241,15780.513,64.560,3893
  242,15849.028,68.516,3893
  243,15914.555,65.526,3893
  244,15980.154,65.600,3893
  245,16049.461,69.306,3893
  246,16119.411,69.950,3893
  247,16181.729,62.319,3893
  248,16252.592,70.862,3893
  249,16317.935,65.343,3893
  250,16388.008,70.074,3893
  251,16453.719,65.710,3893
  252,16522.283,68.564,3893
  253,16587.223,64.940,3893
  254,16656.836,69.614,3893
  255,16718.479,61.641,3893
  256,16790.930,72.451,3891
  257,16855.695,64.766,3891
  258,16924.266,68.569,3891
  259,16986.178,61.912,3891
  260,17058.938,72.761,3891
  261,17122.516,63.578,3891
  262,17190.336,67.823,3891
  263,17253.828,63.490,3891
  264,17322.037,68.210,3891
  265,17386.297,64.259,3891
  266,17454.152,67.857,3891
  267,17516.822,62.669,3891
  268,17587.637,70.813,3891
  269,17654.785,67.148,3891
  270,17721.945,67.161,3891
  271,17787.666,65.722,3891
  272,17854.457,66.791,3891
  273,17920.512,66.053,3891
  274,17985.486,64.976,3891
  275,18049.510,64.022,3891
  276,18118.211,68.702,3891
  277,18177.545,59.335,3891
  278,18247.400,69.855,3891
  279,18311.350,63.947,3891
  280,18381.258,69.910,3891
  281,18441.125,59.866,3891
  282,18510.609,69.484,3891
  283,18574.529,63.921,3891
  284,18642.840,68.310,3891
  285,18705.723,62.884,3891
  286,18776.799,71.076,3891
  287,18840.963,64.164,3891
  288,18897.996,57.035,3891
  289,18966.434,68.435,3891
  290,19035.934,69.501,3891
  291,19096.693,60.758,3887
  292,19160.945,64.254,3887
  293,19221.572,60.628,3887
  294,19288.553,66.978,3887
  295,19348.207,59.655,3887
  296,19416.381,68.173,3887
  297,19474.568,58.190,3887
  298,19539.813,65.244,3887
  299,19612.934,73.118,3887
  300,19673.277,60.346,3887
  301,19730.113,56.834,3887
  302,19796.477,66.366,3887
  303,19856.725,60.248,3887
  304,19923.182,66.456,3887
  305,19984.926,61.744,3887
  306,20047.564,62.640,3887
  307,20114.717,67.152,3887
  308,20176.170,61.450,3887
  309,20237.293,61.125,3887
  310,20302.893,65.600,3887
  311,20364.807,61.914,3887
  312,20428.426,63.618,3887
  313,20489.410,60.986,3887
  314,20556.266,66.855,3887
  315,20617.949,61.683,3887
  316,20683.178,65.229,3887
  317,20745.305,62.126,3887
  318,20808.578,63.275,3887
  319,20870.037,61.458,3887
  320,20937.086,67.047,3887
  321,20997.549,60.466,3887
  322,21060.203,62.653,3887
  323,21123.945,63.741,3887
  324,21191.041,67.098,3887
  325,21253.977,62.936,3887
  326,21317.301,63.322,3887
  327,21380.469,63.170,3887
  328,21446.041,65.572,3887
  329,21509.926,63.884,3887
  330,21577.324,67.400,3887
  331,21637.922,60.594,3887
  332,21704.402,66.483,3887
  333,21768.420,64.016,3887
  334,21835.039,66.620,3887
  335,21896.189,61.150,3887
  336,21961.725,65.537,3887
  337,22023.740,62.015,3887
  338,22091.422,67.680,3887
  339,22155.080,63.659,3887
  340,22222.369,67.288,3887
  341,22285.947,63.579,3887
  342,22353.088,67.140,3887
  343,22416.625,63.538,3887
  344,22482.945,66.321,3887
  345,22549.799,66.853,3887
  346,22614.828,65.031,3887
  347,22679.309,64.478,3887
  348,22753.717,74.410,3887
  349,22817.609,63.890,3887
  350,22890.506,72.896,3887
  351,22956.689,66.185,3887
  352,23029.217,72.529,3887
  353,23091.793,62.574,3887
  354,23160.016,68.223,3887
  355,23222.730,62.716,3887
  356,23289.416,66.684,3887
  357,23351.674,62.258,3887
  358,23418.988,67.315,3887
  359,23485.613,66.626,3885
  360,23559.281,73.667,3885
  361,23625.600,66.318,3885
  362,23691.309,65.711,3887
  363,23753.445,62.134,3887
  364,23822.348,68.903,3887
  365,23885.238,62.892,3887
  366,23957.021,71.783,3887
  367,24020.729,63.706,3887
  368,24086.541,65.813,3887
  369,24151.266,64.723,3887
  370,24218.693,67.429,3887
  371,24281.656,62.965,3887
  372,24348.967,67.309,3887
  373,24413.217,64.251,3887
  374,24480.895,67.677,3889
  375,24543.754,62.857,3889
  376,24611.420,67.667,3889
  377,24672.877,61.458,3889
  378,24742.938,70.059,3889
  379,24807.613,64.678,3889
  380,24874.365,66.750,3889
  381,24939.854,65.490,3889
  382,25010.174,70.318,3889
  383,25071.117,60.945,3889
  384,25138.480,67.365,3889
  385,25203.301,64.820,3889
  386,25275.682,72.378,3889
  387,25344.316,68.636,3889
  388,25412.047,67.731,3889
  389,25476.541,64.493,3889
  390,25544.338,67.797,3889
  391,25608.045,63.708,3889
  392,25674.088,66.042,3889
  393,25737.217,63.130,3889
  394,25806.566,69.350,3889
  395,25866.262,59.695,3889
  396,25938.443,72.181,3889
  397,26002.865,64.422,3889
  398,26069.773,66.908,3889
  399,26131.510,61.735,3889
  400,26200.047,68.539,3889
  401,26263.438,63.391,3889
  402,26330.602,67.163,3889
  403,26395.982,65.382,3889
  404,26462.709,66.727,3889
  405,26530.990,68.279,3889
  406,26600.109,69.120,3889
  407,26665.301,65.191,3889
  408,26734.777,69.478,3889
  409,26794.564,59.787,3889
  410,26866.117,71.553,3889
  411,26928.305,62.186,3889
  412,26993.918,65.612,3889
  413,27060.756,66.839,3889
  414,27131.002,70.247,3889
  415,27197.518,66.515,3889
  416,27264.141,66.624,3889
  417,27333.338,69.195,3889
  418,27395.805,62.469,3889
  419,27458.025,62.220,3889
  420,27527.170,69.145,3889
  421,27589.115,61.945,3889
  422,27656.764,67.648,3889
  423,27719.617,62.855,3889
  424,27788.789,69.171,3889
  425,27848.836,60.046,3889
  426,27917.709,68.875,3889
  427,27981.400,63.691,3889
  428,28044.346,62.943,3889
  429,28109.230,64.887,3889
  430,28180.906,71.675,3889
  431,28240.605,59.698,3889
  432,28313.178,72.572,3889
  433,28376.996,63.819,3889
  434,28440.971,63.976,3889
  435,28508.852,67.880,3889
  436,28573.750,64.898,3889
  437,28636.861,63.113,3889
  438,28704.641,67.779,3889
  439,28768.238,63.596,3889
  440,28833.861,65.623,3889
  441,28897.545,63.686,3889
  442,28964.678,67.131,3889
  443,29025.719,61.042,3889
  444,29092.797,67.078,3889
  445,29158.059,65.262,3889
  446,29229.525,71.467,3889
  447,29288.826,59.298,3889
  448,29352.846,64.021,3889
  449,29422.102,69.257,3889
  450,29488.504,66.401,3889
  451,29550.344,61.840,3889
  452,29618.000,67.656,3889
  453,29677.605,59.605,3889
  454,29748.168,70.563,3889
  455,29808.404,60.236,3889
  456,29880.809,72.405,3889
  457,29940.479,59.671,3889
  458,30006.510,66.029,3889
  459,30068.994,62.485,3889
  460,30137.711,68.718,3889
  461,30204.299,66.588,3889
  462,30267.051,62.752,3889
  463,30335.588,68.536,3889
  464,30398.945,63.357,3889
  465,30463.221,64.277,3889
  466,30532.563,69.342,3889
  467,30588.637,56.075,3889
  468,30656.973,68.334,3889
  469,30721.193,64.222,3889
  470,30792.635,71.441,3889
  471,30855.209,62.574,3889
  472,30915.836,60.626,3889
  473,30982.141,66.305,3889
  474,31053.545,71.405,3889
  475,31113.412,59.866,3889
  476,31181.617,68.206,3889
  477,31246.881,65.265,3889
  478,31309.477,62.594,3889
  479,31372.082,62.605,3889
  480,31438.346,66.265,3889
  481,31506.350,68.004,3889
  482,31573.309,66.958,3889
  483,31633.133,59.826,3889
  484,31699.953,66.819,3889
  485,31763.182,63.229,3889
  486,31831.330,68.146,3889
  487,31897.285,65.957,3889
  488,31964.916,67.630,3889
  489,32030.830,65.914,3889
  490,32093.422,62.593,3889
  491,32157.771,64.349,3889
  492,32223.559,65.788,3889
  493,32291.457,67.898,3889
  494,32357.764,66.306,3889
  495,32422.703,64.940,3889
  496,32488.426,65.722,3889
  497,32556.406,67.980,3889
  498,32631.193,74.787,3889
  499,32691.104,59.911,3889
  500,32759.469,68.366,3889
  501,32824.301,64.833,3889
  502,32889.133,64.831,3889
  503,32959.754,70.619,3889
  504,33024.219,64.465,3889
  505,33091.605,67.387,3889
  506,33161.113,69.507,3889
  507,33224.406,63.296,3889
  508,33284.973,60.567,3889
  509,33357.191,72.216,3889
  510,33416.828,59.637,3889
  511,33484.074,67.245,3889
  512,33547.910,63.837,3889
  513,33618.219,70.306,3889
  514,33678.277,60.061,3889
  515,33746.734,68.457,3889
  516,33816.297,69.563,3889
  517,33883.160,66.865,3889
  518,33942.965,59.805,3889
  519,34011.578,68.612,3889
  520,34073.160,61.584,3889
  521,34145.023,71.858,3889
  522,34206.762,61.742,3889
  523,34267.758,60.996,3889
  524,34339.523,71.764,3889
  525,34405.160,65.640,3889
  526,34477.512,72.352,3889
  527,34541.555,64.040,3889
  528,34608.895,67.340,3889
  529,34675.063,66.168,3889
  530,34741.113,66.049,3889
  531,34806.344,65.233,3889
  532,34878.742,72.398,3889
  533,34941.313,62.571,3889
  534,35013.875,72.562,3889
  535,35074.203,60.325,3889
  536,35141.219,67.018,3889
  537,35213.539,72.319,3889
  538,35275.984,62.447,3889
  539,35346.203,70.219,3889
  540,35412.758,66.554,3889
  541,35474.313,61.554,3889
  542,35540.793,66.480,3889
  543,35607.926,67.133,3889
  544,35672.840,64.915,3889
  545,35747.898,75.058,3889
  546,35820.004,72.107,3889
  547,35871.570,51.567,3889
  548,35944.707,73.134,3889
  549,36013.531,68.826,3889
  550,36081.566,68.034,3889
  551,36144.195,62.630,3889
  552,36217.992,73.799,3889
  553,36287.406,69.412,3889
  554,36350.668,63.263,3889
  555,36424.641,73.973,3889
  556,36489.125,64.482,3889
  557,36561.168,72.043,3889
  558,36627.508,66.342,3889
  559,36699.617,72.107,3889
  560,36764.063,64.444,3889
  561,36833.051,68.988,3889
  562,36905.145,72.096,3889
  563,36973.992,68.847,3889
  564,37043.570,69.577,3889
  565,37105.875,62.306,3889
  566,37176.633,70.760,3889
  567,37246.469,69.834,3889
  568,37315.828,69.360,3889
  569,37381.496,65.668,3889
  570,37459.543,78.046,3889
  571,37526.871,67.327,3889
  572,37593.883,67.011,3889
  573,37662.098,68.217,3889
  574,37734.988,72.893,3889
  575,37808.582,73.591,3889
  576,37883.551,74.969,3889
  577,37942.625,59.074,3889
  578,38019.180,76.553,3889
  579,38083.500,64.323,3889
  580,38161.473,77.973,3887
  581,38227.813,66.341,3887
  582,38296.906,69.092,3887
  583,38367.668,70.762,3887
  584,38443.555,75.887,3887
  585,38511.664,68.112,3887
  586,38582.371,70.704,3887
  587,38652.352,69.978,3887
  588,38723.691,71.341,3887
  589,38798.547,74.857,3887
  590,38872.938,74.389,3887
  591,38940.633,67.697,3887
  592,39011.941,71.309,3887
  593,39080.824,68.883,3887
  594,39146.465,65.638,3887
  595,39220.508,74.040,3887
  596,39294.398,73.893,3887
  597,39361.324,66.929,3887
  598,39431.914,70.590,3887
  599,39502.941,71.025,3887
  600,39572.684,69.743,3887
  601,39637.988,65.306,3887
  602,39714.012,76.019,3887
  603,39783.555,69.545,3887
  604,39854.117,70.564,3887
  605,39925.313,71.197,3887
  606,39992.324,67.012,3887
  607,40062.371,70.041,3887
  608,40136.227,73.856,3887
  609,40203.633,67.412,3887
  610,40274.844,71.205,3887
  611,40346.773,71.932,3887
  612,40408.930,62.156,3887
  613,40478.523,69.594,3887
  614,40554.617,76.095,3887
  615,40617.258,62.641,3887
  616,40694.039,76.780,3887
  617,40759.051,65.013,3887
  618,40828.590,69.538,3887
  619,40884.590,56.001,3919
  620,40949.730,65.140,3921
  621,41004.250,54.517,3922
  622,41061.633,57.386,3922
  623,41118.547,56.912,3920
  624,41178.930,60.386,3916
  625,41242.723,63.790,3907
  626,41291.715,48.991,3909
  627,41348.785,57.073,3912
  628,41406.590,57.803,3906
  629,41462.914,56.327,3908
  630,41518.230,55.314,3903
  631,41575.895,57.664,3901
  632,41630.891,54.998,3908
  633,41690.242,59.348,3908
  634,41752.113,61.873,3910
  635,41809.363,57.247,3910
  636,41869.824,60.468,3912
  637,41929.273,59.447,3903
  638,41981.984,52.709,3898
  639,42034.875,52.892,3900
  640,42091.297,56.422,3902
  641,42144.789,53.492,3898
  642,42201.098,56.307,3901
  643,42259.250,58.155,3902
  644,42317.879,58.627,3905
  645,42375.461,57.584,3906
  646,42429.770,54.307,3912
  647,42486.813,57.044,3920
  648,42542.371,55.558,3920
  649,42598.246,55.873,3921
  650,42651.945,53.703,3921
  651,42715.922,63.976,3921
  652,42772.750,56.825,3921
  653,42831.602,58.852,3921
  654,42915.258,83.658,3921
  655,42940.355,25.097,3921
  656,42998.105,57.748,3921
  657,43053.051,54.946,3921
  658,43107.793,54.744,3921
  659,43159.934,52.139,3921
  660,43286.723,126.789,3921
  661,43304.934,18.212,3921
  662,43332.020,27.084,3913
  663,43388.676,56.654,3906
  664,43441.262,52.590,3903
  665,43499.824,58.563,3904
  666,43549.281,49.455,3903
  667,43607.285,58.005,3903
  668,43658.543,51.257,3896
  669,43716.410,57.867,3894
  670,43770.320,53.912,3894
  671,43826.902,56.582,3895
  672,43878.855,51.951,3894
  673,43936.652,57.799,3887
  674,44000.715,64.060,3879
  675,44053.457,52.747,3879
  676,44108.953,55.492,3879
  677,44165.457,56.507,3879
  678,44223.043,57.585,3879
  679,44279.098,56.056,3879
  680,44334.234,55.132,3860
  681,44388.742,54.510,3860
  682,44446.746,58.005,3859
  683,44502.184,55.434,3859
  684,44556.082,53.900,3861
  685,44614.027,57.945,3861
  686,44675.680,61.653,3861
  687,44730.227,54.545,3861
  688,44789.348,59.121,3855
  689,44847.602,58.259,3814
  690,44905.656,58.052,3735
  691,44966.074,60.416,3650
  692,45075.406,109.334,3529
  693,45094.250,18.846,3525
  694,45147.863,53.611,3515
  695,45209.230,61.368,3517
  696,45271.602,62.372,3516
  697,45322.336,50.730,3516
  698,45397.785,75.452,3518
  699,45455.043,57.259,3517
  700,45509.293,54.250,3517
  701,45564.977,55.685,3517
  702,45622.758,57.780,3515
  703,45679.359,56.600,3515
  704,45741.563,62.205,3517
  705,45798.965,57.403,3521
  706,45855.816,56.849,3518
  707,45912.145,56.331,3518
  708,45975.121,62.975,3516
  709,46039.219,64.097,3515
  710,46095.000,55.778,3514
  711,46156.473,61.478,3513
  712,46213.414,56.938,3516
  713,46278.516,65.099,3515
  714,46333.879,55.367,3515
  715,46392.023,58.143,3515
  716,46445.066,53.042,3511
  717,46529.844,84.778,3492
  718,46569.313,39.474,3490
  719,46631.313,61.999,3487
  720,46685.969,54.653,3487
  721,46741.902,55.935,3488
  722,46805.008,63.104,3488
  723,46861.867,56.860,3488
  724,46920.906,59.040,3480
  725,46983.438,62.531,3478
  726,47044.332,60.893,3478
  727,47106.316,61.986,3477
  728,47162.305,55.989,3490
  729,47223.422,61.116,3490
  730,47282.750,59.328,3488
  731,47346.871,64.119,3483
  732,47405.578,58.711,3465
  733,47462.211,56.629,3464
  734,47519.379,57.171,3463
  735,47584.254,64.873,3463
  736,47641.449,57.196,3462
  737,47704.316,62.868,3463
  738,47765.586,61.268,3459
  739,47826.242,60.659,3458
  740,47885.031,58.785,3462
  741,47949.738,64.708,3463
  742,48009.426,59.691,3460
  743,48064.996,55.568,3461
  744,48121.074,56.080,3460
  745,48188.754,67.677,3463
  746,48244.270,55.517,3466
  747,48308.195,63.922,3468
  748,48369.219,61.026,3473
  749,48431.332,62.110,3474
  750,48493.633,62.306,3478
  751,48553.086,59.452,3484
  752,48612.469,59.384,3485
  753,48674.273,61.806,3487
  754,48734.891,60.612,3485
  755,48791.203,56.312,3490
  756,48854.727,63.525,3490
  757,48916.387,61.659,3493
  758,48972.781,56.398,3493
  759,49040.684,67.902,3493
  760,49099.082,58.396,3493
  761,49158.832,59.750,3491
  762,49220.746,61.918,3495
  763,49277.020,56.268,3494
  764,49336.750,59.733,3495
  765,49402.211,65.461,3498
  766,49461.914,59.705,3496
  767,49518.332,56.414,3499
  768,49583.766,65.437,3495
  769,49648.355,64.589,3494
  770,49700.719,52.362,3497
  771,49769.059,68.339,3496
  772,49826.281,57.227,3499
  773,49888.922,62.638,3495
  774,49950.016,61.094,3492
  775,50009.715,59.701,3496
  776,50075.027,65.311,3489
  777,50129.625,54.601,3494
  778,50186.438,56.809,3493
  779,50247.953,61.517,3496
  780,50309.496,61.539,3496
  781,50368.813,59.322,3504
  782,50430.070,61.254,3502
  783,50485.305,55.235,3501
  784,50544.082,58.776,3501
  785,50606.305,62.225,3501
  786,50664.930,58.623,3503
  787,50723.547,58.620,3503
  788,50786.094,62.547,3502
  789,50845.141,59.046,3503
  790,50907.930,62.789,3507
  791,50966.297,58.369,3513
  792,51023.668,57.365,3514
  793,51088.996,65.332,3514
  794,51147.047,58.050,3519
  795,51211.324,64.277,3517
  796,51273.023,61.700,3518
  797,51338.199,65.175,3519
  798,51395.762,57.564,3521
  799,51459.793,64.031,3524
  800,51522.313,62.521,3526
  801,51579.004,56.686,3529
  802,51638.363,59.364,3535
  803,51695.219,56.855,3540
  804,51754.840,59.618,3544
  805,51814.535,59.698,3550
  806,51876.078,61.543,3554
  807,51934.723,58.645,3557
  808,51991.238,56.515,3558
  809,52051.742,60.504,3566
  810,52113.961,62.222,3566
  811,52172.664,58.697,3566
  812,52233.156,60.491,3566
  813,52292.238,59.087,3565
  814,52349.121,56.883,3564
  815,52415.648,66.523,3564
  816,52475.719,60.073,3564
  817,52539.219,63.501,3564
  818,52596.004,56.782,3568
  819,52661.711,65.709,3572
  820,52718.129,56.418,3573
  821,52781.473,63.347,3574
  822,52842.020,60.541,3574
  823,52902.277,60.263,3573
  824,52960.113,57.837,3572
  825,53022.836,62.718,3573
  826,53083.598,60.764,3573
  827,53143.836,60.238,3572
  828,53203.473,59.639,3572
  829,53263.602,60.128,3569
  830,53330.020,66.414,3577
  831,53389.059,59.040,3578
  832,53450.957,61.900,3578
  833,53509.539,58.583,3577
  834,53571.316,61.773,3579
  835,53635.680,64.364,3581
  836,53699.734,64.056,3589
  837,53760.555,60.820,3597
  838,53817.457,56.904,3605
  839,53883.215,65.757,3614
  840,53938.918,55.705,3618
  841,53999.980,61.060,3620
  842,54058.730,58.752,3622
  843,54115.844,57.112,3622
  844,54170.098,54.256,3621
  845,54232.266,62.167,3622
  846,54293.727,61.459,3621
  847,54352.980,59.255,3622
  848,54411.305,58.324,3622
  849,54468.738,57.434,3622
  850,54533.633,64.894,3622
  851,54588.363,54.732,3622
  852,54649.172,60.808,3622
  853,54714.430,65.259,3621
  854,54776.484,62.049,3620
  855,54837.855,61.373,3609
  856,54896.461,58.609,3616
  857,54953.152,56.688,3618
  858,55015.414,62.263,3618
  859,55074.441,59.031,3620
  860,55135.496,61.049,3625
  861,55190.965,55.473,3625
  862,55253.066,62.102,3622
  863,55311.371,58.304,3620
  864,55376.051,64.678,3619
  865,55441.754,65.704,3615
  866,55495.828,54.070,3616
  867,55552.324,56.500,3619
  868,55613.691,61.368,3607
  869,55688.316,74.623,3542
  870,55746.195,57.879,3518
  871,55804.539,58.344,3526
  872,55873.164,68.625,3533
  873,55933.281,60.119,3540
  874,56001.844,68.562,3551
  875,56062.977,61.129,3560
  876,56125.656,62.681,3571
  877,56189.074,63.420,3572
  878,56248.477,59.402,3580
  879,56308.121,59.644,3585
  880,56369.875,61.753,3585
  881,56425.836,55.961,3584
  882,56491.207,65.373,3584
  883,56552.336,61.128,3602
  884,56615.531,63.193,3607
  885,56675.734,60.207,3616
  886,56734.832,59.096,3620
  887,56792.949,58.119,3620
  888,56853.016,60.065,3611
  889,56917.770,64.757,3614
  890,56977.238,59.467,3619
  891,57033.121,55.883,3621
  892,57136.895,103.772,3622
  893,57180.316,43.419,3622
  894,57221.871,41.557,3622
  895,57282.883,61.014,3621
  896,57344.242,61.356,3621
  897,57402.496,58.254,3622
  898,57459.410,56.918,3622
  899,57520.988,61.574,3622
  900,57581.914,60.927,3622
  901,57641.070,59.156,3622
  902,57703.250,62.182,3622
  903,57763.797,60.547,3622
  904,57825.824,62.025,3622
  905,57885.121,59.298,3622
  906,57939.898,54.779,3622
  907,57997.770,57.872,3622
  908,58058.684,60.909,3622
  909,58117.438,58.756,3622
  910,58178.297,60.860,3622
  911,58239.230,60.933,3622
  912,58299.977,60.744,3622
  913,58359.996,60.020,3622
  914,58420.043,60.047,3622
  915,58482.652,62.607,3622
  916,58542.043,59.396,3622
  917,58602.156,60.110,3629
  918,58662.867,60.711,3629
  919,58727.488,64.622,3633
  920,58789.215,61.727,3638
  921,58864.410,75.197,3641
  922,58917.168,52.756,3643
  923,58977.664,60.494,3644
  924,59036.332,58.669,3652
  925,59096.793,60.465,3655
  926,59160.641,63.843,3655
  927,59221.426,60.787,3663
  928,59283.980,62.551,3673
  929,59349.707,65.730,3675
  930,59405.324,55.615,3678
  931,59466.164,60.841,3681
  932,59529.590,63.427,3682
  933,59589.883,60.295,3686
  934,59653.668,63.780,3690
  935,59712.352,58.686,3697
  936,59775.141,62.786,3701
  937,59836.418,61.284,3702
  938,59900.105,63.688,3704
  939,59961.961,61.853,3708
  940,60022.383,60.421,3712
  941,60083.512,61.129,3714
  942,60145.090,61.579,3715
  943,60209.777,64.688,3715
  944,60270.781,61.003,3716
  945,60334.484,63.700,3718
  946,60394.598,60.117,3725
  947,60457.902,63.304,3732
  948,60519.273,61.370,3736
  949,60580.391,61.118,3752
  950,60643.859,63.466,3772
  951,60703.691,59.832,3796
  952,60805.348,101.660,3817
  953,60835.051,29.702,3825
  954,60898.059,63.006,3830
  955,60956.980,58.922,3837
  956,61016.402,59.425,3844
  957,61085.035,68.631,3851
  958,61146.270,61.237,3853
  959,61202.535,56.263,3855
  960,61267.922,65.387,3856
  961,61328.105,60.186,3856
  962,61394.074,65.966,3861
  963,61453.703,59.628,3865
  964,61508.988,55.286,3866
  965,61569.613,60.627,3865
  966,61632.477,62.861,3863
  967,61695.535,63.058,3862
  968,61755.926,60.394,3862
  969,61817.703,61.774,3861
  970,61880.230,62.529,3865
  971,61944.266,64.035,3864
  972,62004.156,59.891,3865
  973,62064.652,60.494,3866
  974,62126.434,61.786,3866
  975,62192.871,66.434,3871
  976,62257.902,65.032,3877
  977,62312.633,54.727,3878
  978,62374.531,61.900,3882
  979,62444.883,70.355,3889
  980,62502.031,57.147,3898
  981,62563.344,61.311,3915
  982,62624.332,60.990,3916
  983,62687.250,62.918,3917
  984,62750.383,63.131,3916
  985,62814.176,63.793,3902
  986,62874.395,60.222,3903
  987,62938.438,64.041,3908
  988,63004.547,66.107,3908
  989,63071.547,67.004,3908
  990,63137.699,66.150,3910
  991,63199.617,61.922,3912
  992,63264.016,64.395,3913
  993,63327.203,63.189,3914
  994,63389.754,62.551,3913
  995,63455.316,65.559,3913
  996,63520.527,65.212,3913
  997,63583.883,63.356,3906
  998,63644.254,60.373,3906
  999,63707.102,62.848,3906
 1000,63768.133,61.027,3907
 1001,63830.973,62.842,3906
 1002,63896.387,65.413,3909
 1003,63958.469,62.083,3908
 1004,64019.281,60.816,3908
 1005,64084.875,65.591,3908
 1006,64144.660,59.782,3906
 1007,64206.996,62.337,3906
 1008,64268.996,62.001,3907
 1009,64330.750,61.756,3907
 1010,64394.375,63.624,3907
 1011,64458.676,64.299,3907
 1012,64521.422,62.747,3906
 1013,64593.820,72.399,3906
 1014,64655.863,62.043,3906
 1015,64716.738,60.873,3906
 1016,64781.102,64.366,3905
 1017,64845.238,64.135,3906
 1018,64909.316,64.076,3904
 1019,64972.668,63.354,3898
 1020,65033.117,60.450,3898
 1021,65096.730,63.611,3898
 1022,65158.633,61.901,3898
 1023,65218.793,60.162,3896
 1024,65284.488,65.696,3896
 1025,65346.273,61.788,3895
 1026,65407.309,61.032,3894
 1027,65470.508,63.198,3890
 1028,65530.715,60.210,3890
 1029,65593.875,63.154,3890
 1030,65652.570,58.700,3890
 1031,65715.008,62.439,3891
 1032,65780.383,65.374,3891
 1033,65840.000,59.618,3891
 1034,65904.219,64.215,3892
 1035,65966.266,62.053,3891
 1036,66026.898,60.631,3892
 1037,66087.344,60.448,3891
 1038,66146.883,59.531,3891
 1039,66214.813,67.936,3888
 1040,66269.203,54.390,3888
 1041,66330.133,60.924,3891
 1042,66394.422,64.292,3884
 1043,66453.797,59.379,3883
 1044,66513.523,59.722,3882
 1045,66572.945,59.421,3880
 1046,66634.781,61.834,3880
 1047,66696.859,62.087,3880
 1048,66759.273,62.410,3880
 1049,66817.711,58.437,3881
 1050,66879.484,61.774,3880
 1051,66941.055,61.569,3880
 1052,67004.836,63.781,3880
 1053,67066.586,61.752,3880
 1054,67126.578,59.988,3879
 1055,67188.109,61.534,3879
 1056,67248.977,60.870,3879
 1057,67311.141,62.161,3880
 1058,67374.289,63.148,3881
 1059,67434.594,60.307,3881
 1060,67494.656,60.068,3880
 1061,67556.281,61.620,3879
 1062,67618.914,62.632,3881
 1063,67677.992,59.081,3881
 1064,67737.539,59.545,3881
 1065,67800.250,62.710,3881
 1066,67858.516,58.266,3878
 1067,67923.117,64.598,3879
 1068,67990.227,67.110,3879
 1069,68048.875,58.647,3879
 1070,68107.883,59.011,3878
 1071,68176.000,68.119,3881
 1072,68237.109,61.109,3881
 1073,68295.359,58.253,3881
 1074,68355.328,59.968,3881
 1075,68424.953,69.623,3878
 1076,68481.602,56.652,3878
 1077,68536.508,54.898,3879
 1078,68600.602,64.100,3880
 1079,68659.680,59.075,3880
 1080,68719.773,60.093,3881
 1081,68776.500,56.728,3877
 1082,68836.328,59.828,3879
 1083,68896.117,59.782,3877
 1084,68954.750,58.639,3876
 1085,69012.242,57.496,3876
 1086,69076.938,64.692,3876
 1087,69137.266,60.332,3876
 1088,69194.609,57.340,3877
 1089,69255.320,60.713,3877
 1090,69319.953,64.632,3877
 1091,69374.977,55.023,3877
 1092,69437.156,62.173,3880
 1093,69494.250,57.097,3881
 1094,69557.539,63.290,3881
 1095,69613.867,56.332,3880
 1096,69673.297,59.430,3878
 1097,69731.563,58.265,3877
 1098,69794.102,62.532,3877
 1099,69851.188,57.090,3876
 1100,69909.281,58.099,3876
 1101,69968.586,59.303,3877
 1102,70028.180,59.593,3876
 1103,70086.703,58.514,3877
 1104,70146.148,59.452,3877
 1105,70203.000,56.853,3877
 1106,70265.891,62.893,3878
 1107,70322.336,56.445,3877
 1108,70377.766,55.427,3870
 1109,70430.594,52.827,3868
 1110,70490.813,60.219,3853
 1111,70546.383,55.569,3850
 1112,70603.141,56.756,3843
 1113,70661.039,57.900,3843
 1114,70718.320,57.287,3843
 1115,70775.945,57.626,3843
 1116,70831.836,55.883,3843
 1117,70891.219,59.390,3843
 1118,70949.219,57.998,3843
 1119,71008.836,59.616,3843
 1120,71065.742,56.899,3843
 1121,71123.836,58.100,3843
 1122,71180.406,56.563,3843
 1123,71239.648,59.256,3843
 1124,71294.070,54.415,3843
 1125,71351.555,57.488,3843
 1126,71409.977,58.424,3843
 1127,71467.805,57.823,3843
 1128,71524.063,56.253,3843
 1129,71582.563,58.504,3843
 1130,71640.336,57.777,3843
 1131,71698.594,58.253,3843
 1132,71757.617,59.031,3843
 1133,71815.281,57.658,3843
 1134,71873.648,58.369,3843
 1135,71931.141,57.493,3843
 1136,71989.734,58.592,3843
 1137,72047.211,57.475,3843
 1138,72106.086,58.877,3843
 1139,72164.180,58.093,3843
 1140,72222.578,58.400,3843
 1141,72281.398,58.819,3843
 1142,72340.711,59.307,3843
 1143,72398.406,57.698,3843
 1144,72456.680,58.280,3843
 1145,72513.914,57.234,3843
 1146,72572.234,58.317,3843
 1147,72630.891,58.656,3843
 1148,72689.914,59.022,3843
 1149,72748.891,58.978,3843
 1150,72807.781,58.889,3843
 1151,72865.281,57.504,3843
 1152,72925.945,60.664,3843
 1153,72983.203,57.255,3843
 1154,73041.625,58.424,3843
 1155,73101.328,59.706,3843
 1156,73158.188,56.857,3843
 1157,73216.242,58.052,3843
 1158,73274.266,58.027,3843
 1159,73332.242,57.970,3843
 1160,73390.984,58.750,3843
 1161,73447.781,56.790,3843
 1162,73507.070,59.287,3843
 1163,73563.188,56.121,3843
 1164,73622.680,59.498,3843
 1165,73680.766,58.081,3843
 1166,73742.227,61.459,3843
 1167,73798.336,56.118,3843
 1168,73857.633,59.289,3843
 1169,73915.180,57.547,3843
 1170,73973.703,58.519,3843
 1171,74032.172,58.475,3843
 1172,74090.359,58.185,3843
 1173,74149.977,59.619,3843
 1174,74206.672,56.702,3843
 1175,74264.852,58.173,3843
 1176,74323.344,58.497,3843
 1177,74381.023,57.668,3843
 1178,74439.922,58.904,3843
 1179,74494.648,54.728,3843
 1180,74553.047,58.394,3843
 1181,74611.953,58.909,3843
 1182,74669.188,57.238,3843
 1183,74726.977,57.791,3843
 1184,74783.211,56.230,3843
 1185,74841.180,57.967,3843
 1186,74898.391,57.213,3843
 1187,74958.250,59.860,3843
 1188,75013.523,55.272,3843
 1189,75070.117,56.588,3843
 1190,75127.898,57.786,3843
 1191,75185.828,57.927,3843
 1192,75241.336,55.518,3843
 1193,75301.883,60.542,3843
 1194,75357.445,55.561,3843
 1195,75412.953,55.511,3843
 1196,75469.203,56.245,3843
 1197,75526.961,57.759,3843
 1198,75582.930,55.971,3843
 1199,75640.914,57.981,3843
 1200,75696.844,55.930,3843
 1201,75755.070,58.222,3843
 1202,75809.750,54.686,3843
 1203,75868.805,59.052,3843
 1204,75924.859,56.056,3843
 1205,75981.086,56.222,3843
 1206,76037.836,56.754,3843
 1207,76095.531,57.694,3843
 1208,76152.617,57.093,3843
 1209,76208.930,56.313,3843
 1210,76266.563,57.628,3843
 1211,76320.984,54.427,3843
 1212,76376.789,55.798,3843
 1213,76433.336,56.550,3843
 1214,76489.859,56.523,3843
 1215,76545.234,55.377,3843
 1216,76601.125,55.883,3843
 1217,76657.047,55.924,3843
 1218,76711.656,54.612,3843
 1219,76766.555,54.899,3843
 1220,76821.789,55.230,3843
 1221,76876.703,54.914,3843
 1222,76934.188,57.488,3843
 1223,76990.570,56.387,3843
 1224,77044.328,53.755,3843
 1225,77100.227,55.902,3843
 1226,77155.500,55.270,3843
 1227,77210.906,55.404,3843
 1228,77267.203,56.302,3843
 1229,77321.008,53.800,3843
 1230,77376.977,55.976,3843
 1231,77432.891,55.907,3843
 1232,77488.242,55.354,3843
 1233,77542.617,54.375,3843
 1234,77597.781,55.157,3843
 1235,77652.352,54.571,3843
 1236,77708.289,55.943,3843
 1237,77764.422,56.130,3843
 1238,77819.586,55.167,3843
 1239,77875.234,55.649,3843
 1240,77928.844,53.606,3843
 1241,77985.672,56.834,3843
 1242,78040.453,54.771,3843
 1243,78094.664,54.222,3843
 1244,78150.516,55.847,3843
 1245,78205.477,54.959,3843
 1246,78261.406,55.931,3843
 1247,78315.789,54.382,3843
 1248,78372.570,56.781,3843
 1249,78426.648,54.084,3843
 1250,78481.820,55.169,3843
 1251,78536.859,55.037,3843
 1252,78590.414,53.552,3843
 1253,78646.875,56.465,3843
 1254,78700.672,53.796,3843
 1255,78755.992,55.323,3843
 1256,78809.523,53.532,3843
 1257,78864.461,54.929,3843
 1258,78918.992,54.542,3843
 1259,78975.258,56.264,3843
 1260,79028.594,53.333,3843
 1261,79084.430,55.829,3843
 1262,79139.742,55.318,3843
 1263,79192.664,52.923,3843
 1264,79247.648,54.983,3843
 1265,79300.820,53.174,3843
 1266,79355.609,54.792,3843
 1267,79409.789,54.173,3843
 1268,79465.898,56.110,3843
 1269,79518.938,53.044,3843
 1270,79575.438,56.497,3843
 1271,79628.523,53.084,3843
 1272,79683.539,55.020,3843
 1273,79738.336,54.793,3843
 1274,79793.633,55.304,3843
 1275,79847.859,54.218,3843
 1276,79901.141,53.284,3843
 1277,79955.969,54.827,3843
 1278,80011.195,55.230,3843
 1279,80065.531,54.330,3843
 1280,80120.695,55.160,3843
 1281,80175.141,54.450,3843
 1282,80230.539,55.402,3843
 1283,80284.641,54.104,3843
 1284,80339.883,55.239,3843
 1285,80393.828,53.943,3843
 1286,80442.195,48.367,3555
 1287,80491.367,49.169,3562
 1288,80537.625,46.264,3571
 1289,80584.844,47.215,3580
 1290,80631.016,46.169,3588
 1291,80679.602,48.590,3593
 1292,80724.648,45.054,3592
 1293,80776.164,51.507,3595
 1294,80819.055,42.893,3595
 1295,80868.656,49.609,3595
 1296,80917.289,48.627,3595
 1297,80963.445,46.149,3591
 1298,81005.781,42.342,3591
 1299,81055.078,49.294,3593
 1300,81104.320,49.244,3593
 1301,81149.266,44.948,3593
 1302,81194.234,44.966,3593
 1303,81243.805,49.570,3592
 1304,81287.508,43.708,3595
 1305,81330.414,42.897,3598
 1306,81382.406,51.997,3598
 1307,81428.594,46.189,3600
 1308,81471.859,43.261,3603
 1309,81519.602,47.747,3592
 1310,81569.250,49.649,3592
 1311,81618.156,48.903,3592
 1312,81665.508,47.354,3593
 1313,81714.234,48.729,3594
 1314,81767.133,52.894,3594
 1315,81815.914,48.782,3594
 1316,81862.984,47.073,3594
 1317,81908.570,45.584,3592
 1318,81956.898,48.332,3594
 1319,82004.469,47.563,3594
 1320,82046.195,41.730,3601
 1321,82101.711,55.509,3596
 1322,82142.867,41.159,3595
 1323,82188.938,46.074,3594
 1324,82234.484,45.547,3592
 1325,82282.047,47.560,3592
 1326,82331.680,49.628,3592
 1327,82381.188,49.519,3594
 1328,82428.484,47.292,3594
 1329,82477.289,48.808,3594
 1330,82529.141,51.850,3595
 1331,82578.555,49.411,3593
 1332,82625.602,47.048,3592
 1333,82679.391,53.784,3592
 1334,82731.727,52.336,3592
 1335,82774.734,43.009,3591
 1336,82821.703,46.972,3592
 1337,82869.570,47.866,3592
 1338,82918.766,49.197,3592
 1339,82960.156,41.391,3592
 1340,83009.070,48.915,3592
 1341,83056.844,47.770,3592
 1342,83105.055,48.211,3592
 1343,83154.117,49.068,3592
 1344,83207.938,53.821,3592
 1345,83252.961,45.023,3592
 1346,83303.297,50.333,3593
 1347,83352.617,49.326,3599
 1348,83406.875,54.256,3599
 1349,83455.500,48.618,3598
 1350,83499.750,44.251,3599
 1351,83551.469,51.720,3606
 1352,83597.086,45.617,3607
 1353,83646.875,49.792,3608
 1354,83696.633,49.762,3608
 1355,83746.141,49.503,3606
 1356,83797.961,51.824,3605
 1357,83858.180,60.217,3608
 1358,83897.242,39.063,3605
 1359,83947.375,50.126,3608
 1360,83996.125,48.749,3607
 1361,84044.391,48.268,3608
 1362,84090.867,46.481,3608
 1363,84142.820,51.950,3612
 1364,84192.617,49.801,3612
 1365,84239.008,46.385,3611
 1366,84286.945,47.944,3614
 1367,84338.578,51.628,3614
 1368,84382.039,43.461,3613
 1369,84437.141,55.103,3613
 1370,84486.195,49.050,3611
 1371,84531.063,44.869,3610
 1372,84580.305,49.244,3611
 1373,84637.844,57.540,3612
 1374,84684.656,46.811,3612
 1375,84731.133,46.473,3611
 1376,84781.422,50.294,3611
 1377,84830.273,48.851,3611
 1378,84876.047,45.770,3612
 1379,84934.805,58.757,3612
 1380,84985.570,50.772,3612
 1381,85032.711,47.138,3612
 1382,85085.109,52.398,3612
 1383,85141.031,55.916,3612
 1384,85188.719,47.692,3612
 1385,85240.172,51.457,3615
 1386,85285.859,45.690,3614
 1387,85341.859,55.993,3613
 1388,85389.422,47.564,3613
 1389,85440.281,50.863,3609
 1390,85489.906,49.621,3610
 1391,85540.430,50.521,3611
 1392,85594.492,54.065,3611
 1393,85641.594,47.106,3611
 1394,85693.023,51.422,3611
 1395,85742.359,49.339,3610
 1396,85794.563,52.204,3610
 1397,85842.625,48.066,3611
 1398,85896.422,53.795,3611
 1399,85944.750,48.325,3611
 1400,86000.203,55.455,3611
 1401,86045.273,45.075,3611
 1402,86097.234,51.954,3612
 1403,86143.781,46.546,3612
 1404,86197.820,54.042,3613
 1405,86242.977,45.164,3612
 1406,86294.219,51.234,3611
 1407,86341.969,47.757,3610
 1408,86393.773,51.800,3610
 1409,86442.703,48.922,3611
 1410,86493.648,50.954,3611
 1411,86541.750,48.095,3606
 1412,86588.281,46.536,3603
 1413,86637.508,49.223,3595
 1414,86685.617,48.113,3587
 1415,86734.156,48.535,3580
 1416,86779.547,45.393,3578
 1417,86827.164,47.620,3578
 1418,86873.883,46.720,3578
 1419,86921.164,47.278,3578
 1420,86967.766,46.598,3578
 1421,87016.547,48.786,3578
 1422,87062.117,45.566,3578
 1423,87108.031,45.917,3578
 1424,87153.703,45.670,3578
 1425,87200.242,46.544,3578
 1426,87246.023,45.771,3578
 1427,87289.633,43.618,3578
 1428,87333.898,44.265,3578
 1429,87378.844,44.944,3578
 1430,87424.727,45.880,3578
 1431,87470.805,46.081,3578
 1432,87515.984,45.182,3578
 1433,87561.359,45.369,3578
 1434,87607.258,45.908,3578
 1435,87652.742,45.476,3578
 1436,87698.617,45.878,3578
 1437,87744.492,45.877,3578
 1438,87791.281,46.794,3578
 1439,87834.953,43.668,3578
 1440,87880.047,45.091,3578
 1441,87925.523,45.479,3578
 1442,87970.547,45.022,3578
 1443,88015.844,45.295,3578
 1444,88061.047,45.200,3578
 1445,88107.594,46.552,3578
 1446,88150.953,43.360,3578
 1447,88197.727,46.766,3578
 1448,88242.508,44.786,3578
 1449,88286.305,43.799,3578
 1450,88332.164,45.857,3578
 1451,88375.734,43.565,3578
 1452,88420.508,44.779,3578
 1453,88465.250,44.744,3578
 1454,88508.758,43.502,3578
 1455,88552.906,44.156,3578
 1456,88596.813,43.906,3578
 1457,88641.484,44.667,3578
 1458,88686.375,44.891,3578
 1459,88731.664,45.284,3578
 1460,88774.016,42.353,3578
 1461,88818.063,44.047,3578
 1462,88863.023,44.963,3578
 1463,88906.805,43.785,3578
 1464,88951.352,44.546,3578
 1465,88993.859,42.510,3578
 1466,89037.945,44.087,3578
 1467,89083.305,45.362,3578
 1468,89128.375,45.065,3578
 1469,89172.477,44.102,3578
 1470,89215.016,42.539,3578
 1471,89259.125,44.111,3578
 1472,89304.055,44.929,3578
 1473,89348.977,44.920,3578
 1474,89391.859,42.882,3578
 1475,89436.430,44.570,3578
 1476,89480.141,43.714,3578
 1477,89523.398,43.255,3578
 1478,89568.453,45.052,3578
 1479,89612.500,44.051,3578
 1480,89657.875,45.380,3578
 1481,89701.352,43.469,3578
 1482,89746.023,44.669,3578
 1483,89789.016,42.992,3578
 1484,89833.266,44.256,3578
 1485,89879.281,46.017,3578
 1486,89922.258,42.979,3578
 1487,89967.438,45.176,3578
 1488,90014.063,46.625,3578
 1489,90056.672,42.602,3578
 1490,90100.289,43.630,3578
 1491,90144.289,43.997,3578
 1492,90186.375,42.083,3578
 1493,90230.133,43.759,3578
 1494,90278.141,48.006,3578
 1495,90318.188,40.050,3578
 1496,90360.805,42.611,3578
 1497,90404.898,44.101,3578
 1498,90448.227,43.328,3578
 1499,90492.977,44.751,3578
 1500,90536.242,43.265,3578
 1501,90579.492,43.249,3578
 1502,90623.492,43.998,3578
 1503,90666.023,42.528,3578
 1504,90709.070,43.048,3578
 1505,90752.711,43.637,3578
 1506,90796.438,43.732,3578
 1507,90839.008,42.567,3578
 1508,90883.609,44.604,3578
 1509,90926.898,43.291,3578
 1510,90970.813,43.910,3578
 1511,91014.297,43.492,3578
 1512,91058.852,44.553,3578
 1513,91100.008,41.150,3578
 1514,91143.555,43.550,3578
 1515,91185.820,42.264,3578
 1516,91229.859,44.038,3578
 1517,91272.211,42.359,3578
 1518,91315.203,42.990,3578
 1519,91359.570,44.368,3578
 1520,91400.680,41.103,3578
 1521,91444.305,43.635,3578
 1522,91486.859,42.549,3578
 1523,91529.391,42.525,3578
 1524,91572.000,42.611,3578
 1525,91613.922,41.923,3578
 1526,91656.977,43.059,3578
 1527,91700.328,43.349,3578
 1528,91740.211,39.886,3578
 1529,91782.453,42.236,3578
 1530,91823.992,41.540,3578
 1531,91866.336,42.345,3578
 1532,91909.852,43.515,3578
 1533,91950.258,40.406,3578
 1534,91992.906,42.654,3578
 1535,92035.945,43.035,3578
 1536,92078.602,42.657,3578
 1537,92118.453,39.847,3578
 1538,92160.656,42.206,3578
 1539,92202.234,41.582,3578
 1540,92242.875,40.641,3578
 1541,92285.422,42.544,3578
 1542,92329.109,43.686,3578
 1543,92368.539,39.432,3578
 1544,92410.625,42.090,3578
 1545,92451.258,40.633,3578
 1546,92493.383,42.118,3578
 1547,92534.422,41.040,3578
 1548,92576.117,41.694,3578
 1549,92618.523,42.409,3578
 1550,92660.336,41.807,3578
 1551,92701.961,41.634,3578
 1552,92742.938,40.972,3578
 1553,92784.891,41.955,3578
 1554,92827.039,42.147,3578
 1555,92868.773,41.730,3578
 1556,92910.164,41.394,3578
 1557,92950.453,40.290,3578
 1558,92993.430,42.977,3578
 1559,93035.344,41.908,3578
 1560,93077.141,41.803,3578
 1561,93118.063,40.919,3578
 1562,93159.422,41.360,3578
 1563,93200.930,41.512,3578
 1564,93242.945,42.017,3578
 1565,93284.320,41.370,3578
 1566,93327.188,42.869,3578
 1567,93368.484,41.298,3578
 1568,93410.758,42.268,3578
 1569,93453.656,42.900,3578
 1570,93496.492,42.841,3578
 1571,93538.273,41.782,3578
 1572,93580.086,41.810,3578
 1573,93622.039,41.946,3578
 1574,93664.234,42.203,3578
 1575,93706.516,42.280,3578
 1576,93750.195,43.676,3578
 1577,93790.805,40.616,3578
 1578,93831.477,40.664,3578
 1579,93874.609,43.138,3578
 1580,93917.328,42.715,3578
 1581,93958.602,41.277,3578
 1582,94000.477,41.871,3578
 1583,94042.703,42.229,3578
 1584,94084.664,41.961,3578
 1585,94126.703,42.040,3578
 1586,94169.039,42.333,3578
 1587,94213.016,43.973,3578
 1588,94254.438,41.431,3578
 1589,94297.695,43.250,3578
 1590,94340.289,42.599,3578
 1591,94382.734,42.445,3578
 1592,94424.781,42.043,3578
 1593,94468.672,43.892,3578
 1594,94509.961,41.295,3578
 1595,94552.406,42.436,3578
 1596,94594.305,41.910,3578
 1597,94636.633,42.323,3578
 1598,94678.922,42.292,3578
 1599,94721.656,42.725,3578
 1600,94763.438,41.786,3578
 1601,94807.016,43.578,3578
 1602,94848.922,41.909,3578
 1603,94890.758,41.834,3578
 1604,94933.953,43.202,3578
 1605,94975.172,41.212,3578
 1606,95017.820,42.648,3578
 1607,95061.430,43.611,3578
 1608,95101.563,40.135,3578
 1609,95144.719,43.148,3578
 1610,95185.664,40.949,3578
 1611,95228.773,43.109,3578
 1612,95269.922,41.154,3578
 1613,95312.359,42.431,3578
 1614,95355.117,42.757,3578
 1615,95400.133,45.017,3578
 1616,95440.813,40.683,3578
 1617,95483.281,42.471,3578
 1618,95527.203,43.920,3578
 1619,95567.969,40.769,3578
 1620,95613.789,45.812,3578
 1621,95654.031,40.240,3578
 1622,95697.469,43.443,3578
 1623,95740.797,43.327,3578
 1624,95782.563,41.765,3578
 1625,95826.727,44.164,3578
 1626,95869.047,42.324,3578
 1627,95914.211,45.160,3578
 1628,95956.484,42.276,3578
 1629,95999.609,43.127,3578
 1630,96043.625,44.014,3578
 1631,96087.391,43.761,3578
 1632,96131.547,44.159,3578
 1633,96177.383,45.834,3578
 1634,96219.875,42.495,3578
 1635,96264.695,44.818,3578
 1636,96308.586,43.894,3578
 1637,96350.539,41.951,3578
 1638,96395.461,44.925,3578
 1639,96439.359,43.895,3578
 1640,96482.758,43.402,3578
 1641,96526.227,43.468,3578
 1642,96570.594,44.372,3578
 1643,96613.477,42.876,3578
 1644,96657.438,43.958,3578
 1645,96700.531,43.098,3578
 1646,96743.852,43.323,3578
 1647,96789.375,45.516,3578
 1648,96833.906,44.534,3578
 1649,96878.289,44.391,3578
 1650,96923.383,45.087,3578
 1651,96969.188,45.802,3578
 1652,97012.383,43.198,3578
 1653,97055.539,43.156,3578
 1654,97100.289,44.758,3578
 1655,97144.125,43.828,3578
 1656,97189.063,44.933,3578
 1657,97234.359,45.300,3578
 1658,97279.914,45.562,3578
 1659,97324.352,44.427,3578
 1660,97369.914,45.567,3578
 1661,97413.563,43.648,3578
 1662,97460.852,47.290,3578
 1663,97504.141,43.288,3578
 1664,97549.063,44.925,3578
 1665,97591.984,42.916,3578
 1666,97639.383,47.404,3578
 1667,97681.539,42.159,3578
 1668,97725.773,44.227,3578
 1669,97770.789,45.015,3578
 1670,97817.195,46.408,3578
 1671,97863.617,46.431,3578
 1672,97908.813,45.187,3578
 1673,97954.047,45.230,3578
 1674,97999.766,45.721,3578
 1675,98045.063,45.294,3578
 1676,98090.188,45.132,3578
 1677,98134.547,44.356,3578
 1678,98178.609,44.072,3578
 1679,98225.234,46.616,3578
 1680,98271.078,45.840,3578
 1681,98317.164,46.090,3578
 1682,98362.172,45.012,3578
 1683,98409.922,47.746,3578
 1684,98453.656,43.729,3578
 1685,98500.125,46.478,3578
 1686,98543.492,43.368,3578
 1687,98592.500,49.008,3578
 1688,98636.695,44.191,3578
 1689,98682.430,45.734,3578
 1690,98726.359,43.928,3578
 1691,98775.883,49.531,3578
 1692,98818.852,42.969,3578
 1693,98866.680,47.816,3578
 1694,98910.898,44.224,3578
 1695,98957.883,46.991,3578
 1696,99003.398,45.511,3578
 1697,99050.430,47.027,3578
 1698,99095.672,45.242,3578
 1699,99143.344,47.670,3578
 1700,99188.078,44.742,3578
 1701,99234.945,46.869,3578
 1702,99281.813,46.868,3578
 1703,99327.547,45.733,3578
 1704,99378.563,51.017,3578
 1705,99423.047,44.476,3578
 1706,99473.383,50.338,3578
 1707,99513.406,40.024,3578
 1708,99560.875,47.474,3578
 1709,99610.547,49.666,3578
 1710,99656.695,46.152,3578
 1711,99704.016,47.314,3578
 1712,99749.953,45.942,3578
 1713,99799.539,49.585,3578
 1714,99845.906,46.373,3578
 1715,99892.211,46.306,3578
 1716,99942.180,49.964,3578
 1717,99987.672,45.490,3578
 1718,100037.102,49.430,3578
 1719,100087.398,50.298,3578
 1720,100133.766,46.369,3578
 1721,100184.977,51.204,3578
 1722,100230.547,45.575,3578
 1723,100281.547,51.000,3578
 1724,100329.242,47.700,3578
 1725,100379.609,50.364,3578
 1726,100427.906,48.300,3578
 1727,100478.039,50.125,3578
 1728,100527.602,49.566,3578
 1729,100576.664,49.062,3578
 1730,100623.352,46.687,3578
 1731,100674.211,50.866,3578
 1732,100721.813,47.600,3578
 1733,100771.477,49.657,3578
 1734,100824.781,53.307,3578
 1735,100874.195,49.414,3578
 1736,100924.070,49.876,3578
 1737,100971.102,47.031,3578
 1738,101022.492,51.390,3578
 1739,101075.836,53.346,3578
 1740,101123.453,47.615,3578
 1741,101177.023,53.569,3578
 1742,101228.414,51.389,3578
 1743,101272.227,43.820,3578
 1744,101325.773,53.541,3578
 1745,101377.391,51.618,3578
 1746,101424.328,46.939,3578
 1747,101475.930,51.602,3578
 1748,101526.086,50.153,3578
 1749,101579.125,53.043,3578
 1750,101625.656,46.530,3578
 1751,101676.664,51.004,3578
 1752,101731.672,55.010,3578
 1753,101780.750,49.076,3578
 1754,101836.641,55.891,3578
 1755,101886.250,49.614,3578
 1756,101932.688,46.430,3578
 1757,101988.094,55.414,3578
 1758,102035.844,47.746,3578
 1759,102092.938,57.097,3578
 1760,102139.938,46.998,3578
 1761,102190.563,50.629,3578
 1762,102245.000,54.429,3578
 1763,102299.281,54.291,3578
 1764,102345.234,45.953,3578
 1765,102402.445,57.209,3578
 1766,102453.344,50.896,3578
 1767,102507.008,53.662,3578
 1768,102558.266,51.263,3578
 1769,102610.664,52.391,3578
 1770,102659.125,48.468,3578
 1771,102712.914,53.785,3578
 1772,102764.227,51.318,3578
 1773,102821.367,57.133,3578
 1774,102872.219,50.860,3578
 1775,102929.578,57.355,3578
 1776,102979.164,49.583,3578
 1777,103026.883,47.722,3578
 1778,103079.203,52.322,3578
 1779,103131.719,52.513,3578
 1780,103184.195,52.475,3578
 1781,103236.789,52.598,3578
 1782,103288.766,51.972,3578
 1783,103342.023,53.257,3578
 1784,103392.836,50.813,3578
 1785,103447.742,54.907,3578
 1786,103505.727,57.982,3578
 1787,103558.453,52.727,3578
 1788,103611.398,52.950,3578
 1789,103660.805,49.409,3578
 1790,103715.141,54.331,3578
 1791,103771.242,56.108,3578
 1792,103821.086,49.838,3578
 1793,103876.148,55.064,3578
 1794,103930.891,54.741,3578
 1795,103986.641,55.746,3578
 1796,104033.523,46.892,3578
 1797,104088.148,54.618,3578
 1798,104141.469,53.321,3578
 1799,104196.766,55.297,3578
 1800,104251.008,54.243,3578
 1801,104309.602,58.597,3578
 1802,104361.211,51.611,3578
 1803,104411.836,50.621,3578
 1804,104463.023,51.186,3578
 1805,104523.844,60.826,3578
 1806,104572.859,49.014,3578
 1807,104627.852,54.992,3578
 1808,104680.719,52.863,3578
 1809,104740.039,59.321,3578
 1810,104793.898,53.865,3578
 1811,104845.031,51.126,3578
 1812,104902.039,57.006,3578
 1813,104956.922,54.886,3578
 1814,105012.766,55.843,3578
 1815,105061.266,48.501,3578
 1816,105120.172,58.905,3578
 1817,105169.430,49.254,3578
 1818,105225.148,55.723,3578
 1819,105281.102,55.953,3578
 1820,105337.648,56.541,3578
 1821,105389.820,52.180,3578
 1822,105448.039,58.219,3578
 1823,105504.641,56.599,3578
 1824,105556.984,52.343,3578
 1825,105617.398,60.412,3578
 1826,105670.516,53.126,3578
 1827,105724.516,53.992,3578
 1828,105779.602,55.094,3578
 1829,105835.617,56.017,3578
 1830,105894.633,59.006,3578
 1831,105951.547,56.917,3578
 1832,106009.156,57.607,3578
 1833,106065.922,56.775,3578
 1834,106115.563,49.635,3578
 1835,106173.375,57.809,3578
 1836,106227.555,54.182,3578
 1837,106282.977,55.415,3578
 1838,106337.875,54.906,3578
 1839,106393.430,55.557,3578
 1840,106454.789,61.358,3578
 1841,106510.820,56.027,3578
 1842,106567.148,56.334,3578
 1843,106621.172,54.025,3578
 1844,106676.641,55.461,3578
 1845,106732.516,55.878,3578
 1846,106785.344,52.827,3578
 1847,106846.703,61.357,3578
 1848,106902.578,55.884,3578
 1849,106957.789,55.207,3578
 1850,107014.273,56.487,3578
 1851,107070.023,55.740,3578
 1852,107124.258,54.239,3578
 1853,107180.023,55.767,3578
 1854,107238.344,58.321,3578
 1855,107296.656,58.305,3578
 1856,107351.547,54.898,3578
 1857,107412.266,60.723,3578
 1858,107464.195,51.930,3578
 1859,107523.695,59.489,3578
 1860,107577.578,53.892,3578
 1861,107638.727,61.145,3578
 1862,107696.805,58.074,3578
 1863,107755.063,58.261,3578
 1864,107813.352,58.285,3578
 1865,107872.703,59.356,3578
 1866,107929.203,56.505,3578
 1867,107985.984,56.770,3578
 1868,108043.078,57.101,3578
 1869,108104.375,61.294,3578
 1870,108157.156,52.783,3578
 1871,108216.258,59.102,3578
 1872,108274.523,58.269,3578
 1873,108334.508,59.985,3578
 1874,108399.141,64.627,3578
 1875,108453.281,54.142,3578
 1876,108514.664,61.379,3578
 1877,108574.563,59.902,3578
 1878,108626.438,51.875,3578
 1879,108687.773,61.339,3578
 1880,108740.836,53.061,3578
 1881,108800.242,59.406,3578
 1882,108859.180,58.938,3578
 1883,108923.781,64.603,3578
 1884,108981.703,57.919,3578
 1885,109033.836,52.135,3578
 1886,109095.938,62.106,3578
 1887,109157.641,61.697,3578
 1888,109216.914,59.273,3578
 1889,109276.273,59.363,3578
 1890,109329.117,52.839,3578
 1891,109386.648,57.526,3578
 1892,109452.695,66.053,3578
 1893,109505.695,53.000,3578
 1894,109569.492,63.800,3578
 1895,109621.727,52.227,3578
 1896,109683.258,61.538,3578
 1897,109743.633,60.369,3578
 1898,109799.984,56.349,3578
 1899,109860.133,60.151,3578
 1900,109917.008,56.877,3578
 1901,109979.664,62.656,3578
 1902,110037.352,57.686,3578
 1903,110095.883,58.535,3578
 1904,110162.469,66.587,3578
 1905,110217.719,55.249,3578
 1906,110278.320,60.600,3578
 1907,110336.758,58.441,3578
 1908,110396.594,59.841,3578
 1909,110457.664,61.061,3578
 1910,110509.398,51.733,3578
 1911,110573.266,63.871,3578
 1912,110631.063,57.796,3578
 1913,110694.867,63.806,3578
 1914,110751.078,56.211,3578
 1915,110812.922,61.848,3578
 1916,110871.570,58.644,3578
 1917,110933.297,61.719,3578
 1918,110990.789,57.503,3578
 1919,111055.234,64.447,3578
 1920,111110.141,54.903,3578
 1921,111173.445,63.298,3578
 1922,111229.875,56.434,3578
 1923,111293.984,64.103,3578
 1924,111355.344,61.365,3578
 1925,111416.125,60.781,3578
 1926,111469.359,53.232,3578
 1927,111536.547,67.189,3578
 1928,111593.516,56.973,3578
 1929,111656.219,62.703,3578
 1930,111711.023,54.802,3578
 1931,111775.273,64.254,3578
 1932,111833.625,58.347,3578
 1933,111893.438,59.810,3578
 1934,111960.875,67.445,3578
 1935,112016.836,55.958,3578
 1936,112078.516,61.677,3578
 1937,112134.352,55.834,3578
 1938,112193.555,59.206,3578
 1939,112260.078,66.524,3578
 1940,112323.125,63.046,3578
 1941,112389.180,66.059,3578
 1942,112451.070,61.889,3578
 1943,112516.125,65.056,3578
 1944,112574.016,57.882,3578
 1945,112641.664,67.654,3578
 1946,112707.453,65.788,3578
 1947,112770.492,63.039,3578
 1948,112831.391,60.897,3578
 1949,112897.961,66.573,3578
 1950,112966.734,68.771,3578
 1951,113026.008,59.274,3578
 1952,113091.750,65.746,3578
 1953,113155.398,63.643,3578
 1954,113215.695,60.298,3578
 1955,113284.000,68.303,3578
 1956,113349.328,65.330,3578
 1957,113416.938,67.616,3578
 1958,113481.297,64.353,3578
 1959,113550.781,69.486,3578
 1960,113613.289,62.508,3578
 1961,113675.063,61.776,3578
 1962,113743.563,68.500,3578
 1963,113805.797,62.233,3578
 1964,113870.750,64.954,3578
 1965,113933.500,62.752,3578
 1966,113998.547,65.042,3578
 1967,114064.500,65.954,3578
 1968,114129.945,65.438,3578
 1969,114194.008,64.068,3578
 1970,114259.328,65.318,3578
 1971,114327.016,67.686,3578
 1972,114393.695,66.684,3578
 1973,114455.789,62.098,3578
 1974,114521.453,65.660,3578
 1975,114583.438,61.983,3578
 1976,114652.805,69.368,3578
 1977,114713.914,61.115,3578
 1978,114780.578,66.659,3578
 1979,114845.156,64.583,3578
 1980,114910.500,65.339,3578
 1981,114977.125,66.626,3578
 1982,115044.250,67.126,3578
 1983,115108.898,64.649,3578
 1984,115169.398,60.499,3578
 1985,115237.547,68.153,3578
 1986,115306.617,69.057,3578
 1987,115369.188,62.584,3578
 1988,115436.555,67.367,3578
 1989,115500.977,64.413,3578
 1990,115565.305,64.332,3578
 1991,115634.070,68.761,3578
 1992,115697.289,63.221,3578
 1993,115766.953,69.661,3578
 1994,115830.133,63.187,3578
 1995,115902.148,72.015,3578
 1996,115953.016,50.864,3578
 1997,116021.773,68.757,3578
 1998,116084.703,62.929,3578
 1999,116153.719,69.013,3578
 2000,116219.945,66.225,3578
 2001,116283.234,63.303,3578
 2002,116350.836,67.596,3578
 2003,116419.227,68.393,3578
 2004,116477.766,58.538,3578
 2005,116544.930,67.162,3578
 2006,116611.898,66.970,3578
 2007,116681.523,69.623,3578
 2008,116752.352,70.829,3578
 2009,116821.977,69.621,3578
 2010,116883.281,61.305,3578
 2011,116943.453,60.175,3578
 2012,117008.188,64.736,3578
 2013,117077.211,69.027,3578
 2014,117148.117,70.902,3578
 2015,117210.188,62.074,3578
 2016,117282.164,71.970,3578
 2017,117342.453,60.287,3578
 2018,117410.328,67.874,3578
 2019,117480.180,69.854,3578
 2020,117549.516,69.343,3578
 2021,117615.273,65.750,3578
 2022,117681.797,66.526,3578
 2023,117746.672,64.872,3578
 2024,117817.906,71.242,3578
 2025,117884.992,67.078,3578
 2026,117945.234,60.249,3578
 2027,118013.375,68.134,3578
 2028,118078.344,64.970,3578
 2029,118144.281,65.939,3578
 2030,118216.953,72.669,3578
 2031,118277.867,60.918,3578
 2032,118349.766,71.900,3578
 2033,118416.695,66.929,3578
 2034,118482.422,65.729,3578
 2035,118548.289,65.858,3578
 2036,118618.898,70.615,3578
 2037,118689.961,71.061,3578
 2038,118759.898,69.941,3578
 2039,118820.984,61.084,3578
 2040,118895.953,74.967,3578
 2041,118959.844,63.894,3578
 2042,119028.758,68.916,3578
 2043,119100.070,71.311,3578
 2044,119165.633,65.557,3578
 2045,119234.953,69.316,3578
 2046,119306.375,71.429,3578
 2047,119370.477,64.103,3578
 2048,119438.617,68.136,3578
 2049,119511.695,73.080,3578
 2050,119580.219,68.525,3578
 2051,119643.875,63.663,3578
 2052,119715.148,71.268,3578
 2053,119783.641,68.490,3578
 2054,119860.820,77.179,3578
 2055,119930.078,69.258,3578
 2056,119995.383,65.303,3578
 2057,120063.750,68.371,3578
 2058,120137.781,74.032,3578
 2059,120202.945,65.156,3578
 2060,120272.969,70.026,3578
 2061,120349.945,76.980,3578
 2062,120426.359,76.417,3578
 2063,120489.461,63.102,3578
 2064,120558.898,69.435,3578
 2065,120634.938,76.038,3578
 2066,120697.383,62.449,3578
 2067,120766.805,69.419,3578
 2068,120834.797,67.996,3578
 2069,120905.445,70.645,3578
 2070,120976.453,71.012,3578
 2071,121049.141,72.685,3578
 2072,121120.391,71.251,3578
 2073,121188.469,68.072,3578
 2074,121262.484,74.016,3578
 2075,121329.984,67.499,3578
 2076,121402.953,72.971,3578
 2077,121470.602,67.646,3578
 2078,121535.656,65.053,3578
 2079,121613.617,77.964,3578
 2080,121677.578,63.969,3578
 2081,121752.125,74.543,3578
 2082,121819.445,67.322,3578
 2083,121896.656,77.208,3578
 2084,121963.094,66.440,3578
 2085,122036.523,73.430,3578
 2086,122109.031,72.503,3578
 2087,122178.656,69.621,3578
 2088,122245.656,67.005,3578
 2089,122327.633,81.973,3578
 2090,122392.102,64.471,3578
 2091,122471.039,78.935,3578
 2092,122538.227,67.199,3578
 2093,122609.844,71.616,3578
 2094,122683.555,73.712,3578
 2095,122756.617,73.048,3578
 2096,122824.289,67.676,3578
 2097,122898.703,74.418,3578
 2098,122964.539,65.841,3578
 2099,123040.398,75.851,3578
 2100,123113.500,73.107,3578
 2101,123189.148,75.649,3578
 2102,123252.680,63.526,3578
 2103,123322.781,70.101,3578
 2104,123392.445,69.665,3578
 2105,123469.031,76.585,3578
 2106,123536.570,67.543,3578
 2107,123601.852,65.283,3578
 2108,123669.484,67.632,3578
 2109,123743.367,73.877,3578
 2110,123822.211,78.848,3578
 2111,123890.680,68.467,3578
 2112,123961.578,70.905,3578
 2113,124031.953,70.368,3578
 2114,124105.578,73.630,3578
 2115,124175.828,70.247,3578
 2116,124243.391,67.559,3578
 2117,124312.266,68.875,3578
 2118,124379.406,67.141,3578
 2119,124453.648,74.243,3578
 2120,124526.844,73.202,3578
 2121,124592.148,65.304,3578
 2122,124664.180,72.031,3578
 2123,124741.633,77.443,3578
 2124,124803.906,62.285,3578
 2125,124870.273,66.360,3578
 2126,124941.422,71.151,3578
 2127,125011.188,69.766,3578
 2128,125077.117,65.932,3578
 2129,125144.914,67.793,3578
 2130,125219.633,74.719,3578
 2131,125298.672,79.035,3578
 2132,125360.148,61.478,3578
 2133,125431.609,71.460,3578
 2134,125503.180,71.575,3578
 2135,125564.695,61.516,3578
 2136,125632.266,67.563,3578
 2137,125701.656,69.393,3578
 2138,125779.484,77.835,3578
 2139,125846.172,66.688,3578
 2140,125916.617,70.434,3578
 2141,125991.641,75.024,3578
 2142,126057.445,65.810,3578
 2143,126126.656,69.213,3578
 2144,126190.281,63.623,3578
 2145,126263.391,73.112,3578
 2146,126332.633,69.241,3578
 2147,126393.016,60.384,3578
 2148,126462.758,69.745,3578
 2149,126541.883,79.125,3578
 2150,126607.445,65.559,3578
 2151,126671.141,63.696,3578
 2152,126738.531,67.396,3578
 2153,126809.180,70.641,3578
 2154,126882.844,73.664,3578
 2155,126959.828,76.986,3578
 2156,127017.938,58.107,3578
 2157,127083.977,66.039,3578
 2158,127150.461,66.485,3578
 2159,127223.227,72.771,3578
 2160,127290.180,66.953,3578
 2161,127354.461,64.281,3578
 2162,127421.383,66.914,3578
 2163,127495.367,73.985,3578
 2164,127571.719,76.356,3578
 2165,127636.594,64.870,3578
 2166,127709.898,73.315,3578
 2167,127780.523,70.622,3578
 2168,127845.750,65.225,3578
 2169,127916.344,70.594,3578
 2170,127988.414,72.071,3578
 2171,128057.875,69.461,3578
 2172,128128.742,70.866,3578
 2173,128192.195,63.452,3578
 2174,128263.219,71.023,3578
 2175,128332.547,69.329,3578
 2176,128399.930,67.377,3578
 2177,128464.930,65.004,3578
 2178,128538.523,73.596,3578
 2179,128605.977,67.449,3578
 2180,128674.867,68.895,3578
 2181,128745.461,70.595,3578
 2182,128815.922,70.452,3578
 2183,128883.664,67.743,3578
 2184,128952.758,69.096,3578
 2185,129021.555,68.803,3578
 2186,129093.797,72.240,3578
 2187,129168.695,74.893,3578
 2188,129231.336,62.643,3578
 2189,129301.961,70.624,3578
 2190,129372.469,70.510,3578
 2191,129442.563,70.096,3578
 2192,129519.867,77.307,3578
 2193,129582.336,62.465,3578
 2194,129651.539,69.203,3578
 2195,129721.859,70.324,3578
 2196,129798.141,76.276,3578
 2197,129866.711,68.574,3578
 2198,129941.258,74.545,3578
 2199,130008.133,66.879,3578
 2200,130088.648,80.510,3578
 2201,130147.078,58.427,3578
 2202,130211.148,64.076,3578
 2203,130290.492,79.346,3578
 2204,130349.164,58.670,3578
 2205,130424.180,75.012,3578
 2206,130491.648,67.469,3578
 2207,130564.492,72.844,3578
 2208,130637.484,72.997,3578
 2209,130704.953,67.463,3578
 2210,130781.484,76.534,3578
 2211,130855.094,73.610,3578
 2212,130923.227,68.134,3578
 2213,130992.086,68.860,3578
 2214,131065.398,73.309,3578
 2215,131134.797,69.397,3578
 2216,131197.344,62.549,3578
 2217,131265.594,68.257,3578
 2218,131337.750,72.153,3578
 2219,131396.375,58.625,3578
 2220,131462.422,66.042,3578
 2221,131530.906,68.480,3578
 2222,131599.875,68.972,3578
 2223,131666.813,66.935,3578
 2224,131729.938,63.135,3578
 2225,131799.234,69.287,3578
 2226,131870.188,70.962,3578
 2227,131932.063,61.875,3578
 2228,132000.547,68.486,3578
 2229,132063.391,62.848,3578
 2230,132125.125,61.720,3578
 2231,132192.094,66.970,3578
 2232,132260.516,68.421,3578
 2233,132322.203,61.689,3578
 2234,132389.859,67.664,3578
 2235,132450.219,60.354,3578
 2236,132516.609,66.386,3578
 2237,132580.500,63.890,3578
 2238,132648.766,68.265,3578
 2239,132713.109,64.341,3578
 2240,132775.031,61.937,3578
 2241,132839.813,64.778,3578
 2242,132905.469,65.646,3578
 2243,132973.438,67.971,3578
 2244,133038.188,64.749,3578
 2245,133100.375,62.196,3578
 2246,133165.031,64.659,3578
 2247,133235.844,70.804,3578
 2248,133301.156,65.319,3578
 2249,133365.234,64.078,3578
 2250,133435.375,70.142,3578
 2251,133501.750,66.359,3578
 2252,133566.547,64.811,3578
 2253,133626.922,60.369,3578
 2254,133695.906,68.995,3578
 2255,133762.938,67.017,3578
 2256,133826.250,63.319,3578
 2257,133894.172,67.914,3578
 2258,133964.438,70.268,3578
 2259,134023.250,58.819,3578
 2260,134094.516,71.265,3578
 2261,134152.875,58.357,3578
 2262,134220.859,67.977,3578
 2263,134285.984,65.135,3578
 2264,134350.531,64.554,3578
 2265,134419.453,68.904,3578
 2266,134482.094,62.649,3578
 2267,134552.750,70.657,3578
 2268,134616.250,63.490,3578
 2269,134684.797,68.557,3578
 2270,134746.844,62.046,3578
 2271,134809.844,63.011,3578
 2272,134871.422,61.559,3578
 2273,134942.469,71.051,3578
 2274,135002.672,60.209,3578
 2275,135068.969,66.296,3578
 2276,135134.750,65.776,3578
 2277,135196.875,62.125,3578
 2278,135260.141,63.263,3578
 2279,135327.469,67.322,3578
 2280,135391.297,63.849,3578
 2281,135455.313,64.016,3578
 2282,135521.547,66.220,3578
 2283,135585.609,64.060,3578
 2284,135647.547,61.941,3578
 2285,135712.625,65.084,3578
 2286,135780.250,67.619,3578
 2287,135842.453,62.215,3578
 2288,135910.031,67.574,3578
 2289,135975.469,65.436,3578
 2290,136036.656,61.197,3578
 2291,136104.359,67.696,3578
 2292,136165.156,60.801,3578
 2293,136231.016,65.852,3578
 2294,136291.484,60.464,3578
 2295,136361.469,69.985,3578
 2296,136419.875,58.412,3578
 2297,136484.016,64.141,3578
 2298,136551.859,67.845,3578
 2299,136615.609,63.749,3578
 2300,136676.125,60.501,3578
 2301,136739.766,63.660,3578
 2302,136803.297,63.523,3578
 2303,136865.922,62.625,3578
 2304,136932.219,66.293,3578
 2305,136996.203,63.980,3578
 2306,137060.094,63.894,3578
 2307,137119.922,59.846,3578
 2308,137185.609,65.680,3578
 2309,137248.906,63.288,3578
 2310,137310.688,61.787,3578
 2311,137377.922,67.244,3578
 2312,137440.203,62.274,3578
 2313,137503.109,62.900,3578
 2314,137567.922,64.825,3578
 2315,137633.500,65.560,3578
 2316,137692.500,59.011,3578
 2317,137757.344,64.855,3578
 2318,137825.234,67.886,3578
 2319,137882.266,57.014,3578
 2320,137945.469,63.212,3578
 2321,138013.141,67.677,3578
 2322,138070.391,57.239,3578
 2323,138131.438,61.052,3578
 2324,138197.094,65.663,3578
 2325,138269.188,72.087,3578
 2326,138322.500,53.315,3578
 2327,138388.328,65.824,3578
 2328,138456.047,67.732,3578
 2329,138512.234,56.167,3578
 2330,138582.938,70.713,3578
 2331,138648.422,65.489,3578
 2332,138714.422,66.000,3578
 2333,138772.969,58.535,3578
 2334,138839.359,66.404,3578
 2335,138908.141,68.777,3578
 2336,138969.906,61.772,3578
 2337,139027.703,57.786,3578
 2338,139093.453,65.754,3578
 2339,139154.797,61.339,3578
 2340,139217.438,62.642,3578
 2341,139282.688,65.254,3578
 2342,139350.406,67.719,3578
 2343,139414.469,64.054,3578
 2344,139479.719,65.261,3578
 2345,139545.344,65.632,3578
 2346,139612.781,67.421,3578
 2347,139679.125,66.343,3578
 2348,139746.250,67.131,3578
 2349,139802.766,56.513,3578
 2350,139874.688,71.936,3578
 2351,139934.500,59.802,3578
 2352,140000.656,66.156,3578
 2353,140058.625,57.977,3578
 2354,140121.453,62.804,3578
 2355,140191.594,70.154,3578
 2356,140249.078,57.493,3578
 2357,140318.547,69.461,3578
 2358,140379.859,61.310,3578
 2359,140442.531,62.677,3578
 2360,140509.734,67.208,3578
 2361,140573.203,63.468,3578
 2362,140636.641,63.435,3578
 2363,140699.750,63.110,3578
 2364,140766.563,66.819,3578
 2365,140824.703,58.129,3578
 2366,140888.453,63.744,3578
 2367,140951.813,63.374,3578
 2368,141022.969,71.145,3578
 2369,141082.875,59.904,3578
 2370,141142.328,59.456,3578
 2371,141206.172,63.842,3578
 2372,141271.031,64.869,3578
 2373,141336.406,65.364,3578
 2374,141398.734,62.325,3578
 2375,141455.594,56.864,3578
 2376,141518.875,63.278,3578
 2377,141593.578,74.715,3578
 2378,141653.234,59.656,3578
 2379,141710.500,57.265,3578
 2380,141773.594,63.090,3578
 2381,141838.672,65.087,3578
 2382,141906.844,68.154,3578
 2383,141967.438,60.596,3578
 2384,142031.641,64.207,3578
 2385,142096.422,64.789,3578
 2386,142166.516,70.094,3578
 2387,142230.281,63.763,3578
 2388,142297.406,67.118,3578
 2389,142365.672,68.273,3578
 2390,142433.891,68.212,3578
 2391,142501.984,68.099,3578
 2392,142574.609,72.629,3578
 2393,142642.922,68.312,3578
 2394,142719.969,77.049,3578
 2395,142795.719,75.741,3578
 2396,142869.797,74.075,3578
 2397,142934.766,64.972,3578
 2398,143005.609,70.847,3578
 2399,143075.734,70.128,3578
 2400,143148.766,73.023,3578
 2401,143226.531,77.778,3578
 2402,143293.828,67.283,3578
 2403,143363.766,69.943,3578
 2404,143432.594,68.839,3578
 2405,143500.766,68.156,3578
 2406,143576.625,75.871,3578
 2407,143648.688,72.059,3578
 2408,143720.219,71.519,3578
 2409,143803.172,82.958,3578
 2410,143858.422,55.251,3578
 2411,143929.453,71.032,3578
 2412,143996.938,67.491,3578
 2413,144067.813,70.880,3578
 2414,144147.047,79.233,3578
 2415,144213.156,66.107,3578
 2416,144289.016,75.860,3578
 2417,144357.813,68.791,3578
 2418,144432.063,74.236,3578
 2419,144508.641,76.590,3578
 2420,144574.938,66.294,3578
 2421,144645.047,70.112,3578
 2422,144713.609,68.554,3578
 2423,144784.891,71.291,3578
 2424,144858.016,73.133,3578
 2425,144931.688,73.659,3578
 2426,145003.359,71.692,3578
 2427,145077.703,74.334,3578
 2428,145145.422,67.714,3578
 2429,145218.875,73.450,3578
 2430,145285.484,66.600,3578
 2431,145356.516,71.049,3578
 2432,145428.328,71.808,3578
 2433,145500.484,72.164,3578
 2434,145579.859,79.373,3578
 2435,145644.672,64.817,3578
 2436,145721.453,76.758,3578
 2437,145794.109,72.657,3578
 2438,145863.875,69.780,3578
 2439,145929.406,65.514,3578
 2440,146002.938,73.537,3578
 2441,146073.531,70.593,3578
 2442,146141.859,68.337,3578
 2443,146214.438,72.575,3578
 2444,146291.766,77.340,3578
 2445,146361.141,69.362,3578
 2446,146434.484,73.351,3578
 2447,146501.688,67.198,3578
 2448,146582.672,80.990,3578
 2449,146647.344,64.678,3578
 2450,146723.594,76.245,3578
 2451,146794.844,71.239,3578
 2452,146866.641,71.804,3578
 2453,146935.469,68.824,3578
 2454,147007.438,71.963,3578
 2455,147079.922,72.494,3578
 2456,147146.063,66.125,3578
 2457,147220.969,74.928,3578
 2458,147295.625,74.645,3578
 2459,147366.672,71.058,3578
 2460,147438.500,71.819,3578
 2461,147503.844,65.343,3578
 2462,147576.484,72.650,3578
 2463,147650.141,73.640,3578
 2464,147721.094,70.970,3578
 2465,147791.500,70.390,3578
 2466,147866.219,74.728,3578
 2467,147938.625,72.406,3578
 2468,148004.188,65.557,3578
 2469,148076.875,72.697,3578
 2470,148146.344,69.458,3578
 2471,148215.203,68.863,3578
 2472,148289.547,74.343,3578
 2473,148361.797,72.265,3578
 2474,148435.891,74.089,3578
 2475,148503.344,67.452,3578
 2476,148568.156,64.807,3578
 2477,148637.422,69.254,3578
 2478,148712.125,74.716,3578
 2479,148780.859,68.737,3578
 2480,148851.672,70.805,3578
 2481,148915.859,64.201,3578
 2482,148987.016,71.144,3578
 2483,149060.234,73.227,3578
 2484,149128.891,68.647,3578
 2485,149196.219,67.324,3578
 2486,149267.859,71.647,3578
 2487,149340.516,72.661,3578
 2488,149413.469,72.952,3578
 2489,149483.234,69.772,3578
 2490,149558.594,75.358,3578
 2491,149630.313,71.703,3578
 2492,149697.531,67.218,3578
 2493,149771.922,74.410,3578
 2494,149840.188,68.256,3578
 2495,149907.953,67.771,3578
 2496,149979.266,71.316,3578
 2497,150056.109,76.832,3578
 2498,150123.031,66.931,3578
 2499,150193.547,70.509,3578
 2500,150261.938,68.400,3578
 2501,150332.188,70.243,3578
 2502,150406.313,74.114,3578
 2503,150472.109,65.806,3578
 2504,150542.625,70.526,3578
 2505,150615.438,72.790,3578
 2506,150680.672,65.256,3578
 2507,150752.734,72.044,3578
 2508,150820.156,67.432,3578
 2509,150891.406,71.249,3578
 2510,150966.344,74.931,3578
 2511,151033.641,67.308,3578
 2512,151104.563,70.923,3578
 2513,151173.406,68.837,3578
 2514,151246.719,73.300,3578
 2515,151318.984,72.276,3578
 2516,151385.484,66.500,3578
 2517,151452.891,67.400,3578
 2518,151524.875,71.992,3578
 2519,151591.703,66.828,3578
 2520,151661.125,69.431,3578
 2521,151722.266,61.124,3578
 2522,151791.234,68.986,3578
 2523,151863.141,71.900,3578
 2524,151935.484,72.332,3578
 2525,151997.328,61.860,3578
 2526,152068.172,70.833,3578
 2527,152134.266,66.098,3578
 2528,152203.297,69.032,3578
 2529,152276.484,73.193,3578
 2530,152343.797,67.316,3578
 2531,152416.922,73.115,3578
 2532,152484.672,67.763,3578
 2533,152553.250,68.569,3578
 2534,152625.188,71.937,3578
 2535,152692.172,66.982,3578
 2536,152771.109,78.947,3578
 2537,152843.047,71.932,3578
 2538,152897.781,54.736,3578
 2539,152966.531,68.752,3578
 2540,153039.000,72.463,3578
 2541,153108.109,69.108,3578
 2542,153181.219,73.121,3578
 2543,153249.719,68.486,3578
 2544,153320.406,70.687,3578
 2545,153390.969,70.560,3578
 2546,153464.047,73.072,3578
 2547,153527.063,63.020,3578
 2548,153588.516,61.455,3578
 2549,153653.688,65.174,3578
 2550,153719.594,65.911,3578
 2551,153780.078,60.474,3578
 2552,153838.797,58.715,3578
 2553,153895.844,57.057,3578
 2554,153963.813,67.981,3578
 2555,154020.172,56.339,3578
 2556,154076.063,55.890,3578
 2557,154135.703,59.644,3578
 2558,154199.953,64.266,3578
 2559,154255.547,55.585,3578
 2560,154318.344,62.789,3578
 2561,154377.766,59.426,3578
 2562,154439.297,61.549,3578
 2563,154494.891,55.584,3578
 2564,154552.047,57.143,3578
 2565,154616.047,64.009,3578
 2566,154676.750,60.693,3578
 2567,154737.094,60.351,3578
 2568,154797.141,60.059,3578
 2569,154853.344,56.205,3578
 2570,154914.391,61.040,3578
 2571,154975.203,60.819,3578
 2572,155035.984,60.782,3578
 2573,155099.859,63.872,3578
 2574,155156.953,57.088,3578
 2575,155219.844,62.890,3578
 2576,155282.281,62.439,3578
 2577,155340.109,57.822,3578
 2578,155403.547,63.429,3578
 2579,155461.000,57.464,3578
 2580,155522.891,61.894,3578
 2581,155582.406,59.507,3578
 2582,155645.984,63.592,3578
 2583,155705.281,59.293,3578
 2584,155767.000,61.715,3578
 2585,155826.859,59.850,3578
 2586,155888.625,61.779,3578
 2587,155945.391,56.753,3578
 2588,156006.672,61.298,3578
 2589,156071.016,64.341,3578
 2590,156131.875,60.858,3578
 2591,156190.703,58.816,3578
 2592,156249.063,58.361,3578
 2593,156307.797,58.738,3578
 2594,156370.047,62.244,3578
 2595,156430.875,60.836,3578
 2596,156490.891,60.013,3578
 2597,156549.938,59.055,3578
 2598,156609.984,60.052,3578
 2599,156671.281,61.296,3578
 2600,156736.641,65.358,3578
 2601,156788.203,51.544,3578
 2602,156854.609,66.421,3578
 2603,156910.750,56.125,3578
 2604,156971.266,60.533,3578
 2605,157032.781,61.501,3578
 2606,157091.625,58.857,3578
 2607,157156.984,65.351,3578
 2608,157212.906,55.916,3578
 2609,157276.391,63.486,3578
 2610,157336.344,59.955,3578
 2611,157398.375,62.030,3578
 2612,157460.125,61.756,3578
 2613,157517.766,57.636,3578
 2614,157577.219,59.465,3578
 2615,157633.844,56.624,3578
 2616,157693.547,59.697,3578
 2617,157753.297,59.759,3578
 2618,157812.813,59.499,3578
 2619,157874.797,61.993,3578
 2620,157939.078,64.275,3578
 2621,157993.281,54.215,3578
 2622,158049.063,55.775,3578
 2623,158109.156,60.096,3578
 2624,158169.484,60.315,3578
 2625,158225.922,56.458,3578
 2626,158285.625,59.685,3578
 2627,158351.047,65.429,3578
 2628,158411.984,60.948,3578
 2629,158473.578,61.585,3578
 2630,158533.703,60.121,3578
 2631,158594.172,60.475,3578
 2632,158649.391,55.201,3578
 2633,158711.078,61.706,3578
 2634,158774.953,63.872,3578
 2635,158832.719,57.760,3578
 2636,158890.469,57.751,3578
 2637,158948.375,57.918,3578
 2638,159010.891,62.505,3578
 2639,159072.500,61.618,3578
 2640,159129.672,57.162,3578
 2641,159192.547,62.877,3578
 2642,159252.578,60.036,3578
 2643,159311.156,58.586,3578
 