Frame, Time (ms), Delta (ms) , Memory (mb)
    1, 0.000, 0.000,2789
    2,57.664,57.664,3912
    3,133.369,75.705,3912
    4,198.212,64.843,3912
    5,265.594,67.382,3912
    6,332.880,67.286,3912
    7,401.526,68.646,3912
    8,468.342,66.816,3912
    9,543.228,74.886,3912
   10,607.304,64.076,3912
   11,679.220,71.916,3912
   12,742.800,63.580,3912
   13,812.705,69.905,3912
   14,877.787,65.082,3912
   15,950.220,72.433,3912
   16,1015.053,64.833,3912
   17,1083.802,68.749,3912
   18,1156.187,72.385,3912
   19,1220.857,64.670,3912
   20,1290.915,70.058,3912
   21,1352.509,61.594,3912
   22,1421.627,69.118,3912
   23,1490.360,68.733,3912
   24,1557.835,67.475,3912
   25,1625.960,68.125,3912
   26,1693.809,67.849,3912
   27,1763.292,69.483,3912
   28,1831.455,68.163,3912
   29,1893.063,61.608,3912
   30,1969.300,76.237,3912
   31,2030.135,60.835,3912
   32,2099.893,69.758,3912
   33,2162.420,62.527,3912
   34,2233.843,71.423,3914
   35,2301.556,67.713,3914
   36,2371.115,69.559,3914
   37,2435.200,64.085,3914
   38,2506.588,71.388,3914
   39,2570.314,63.726,3914
   40,2643.465,73.151,3914
   41,2713.367,69.902,3914
   42,2780.141,66.774,3914
   43,2848.082,67.941,3914
   44,2917.324,69.242,3914
   45,2986.472,69.148,3914
   46,3054.226,67.754,3914
   47,3117.959,63.733,3914
   48,3185.655,67.696,3914
   49,3253.764,68.109,3914
   50,3322.918,69.154,3914
   51,3389.256,66.338,3914
   52,3456.499,67.243,3914
   53,3527.015,70.516,3912
   54,3592.543,65.528,3912
   55,3657.572,65.029,3912
   56,3726.505,68.933,3912
   57,3795.006,68.501,3912
   58,3860.728,65.722,3912
   59,3929.022,68.294,3912
   60,3994.949,65.927,3912
   61,4063.078,68.129,3912
   62,4131.027,67.949,3912
   63,4196.312,65.285,3912
   64,4264.951,68.639,3912
   65,4328.442,63.491,3912
   66,4397.961,69.519,3912
   67,4461.924,63.963,3912
   68,4530.429,68.505,3912
   69,4594.333,63.904,3912
   70,4662.729,68.396,3912
   71,4729.103,66.374,3912
   72,4796.139,67.036,3912
   73,4857.933,61.794,3912
   74,4923.471,65.538,3912
   75,4987.306,63.835,3912
   76,5056.553,69.247,3912
   77,5119.722,63.169,3912
   78,5185.608,65.886,3912
   79,5252.936,67.328,3912
   80,5317.426,64.490,3912
   81,5383.070,65.644,3912
   82,5450.988,67.918,3912
   83,5516.628,65.640,3912
   84,5580.472,63.844,3912
   85,5645.304,64.832,3912
   86,5713.024,67.720,3912
   87,5776.597,63.573,3912
   88,5843.446,66.849,3912
   89,5908.860,65.414,3912
   90,5972.323,63.463,3912
   91,6036.200,63.877,3912
   92,6101.497,65.297,3912
   93,6165.983,64.486,3912
   94,6233.001,67.018,3912
   95,6294.966,61.965,3912
   96,6362.713,67.747,3912
   97,6425.247,62.534,3912
   98,6491.229,65.982,3912
   99,6554.520,63.290,3912
  100,6620.906,66.387,3912
  101,6684.547,63.641,3912
  102,6751.410,66.863,3912
  103,6815.422,64.012,3912
  104,6882.243,66.821,3912
  105,6943.875,61.631,3912
  106,7011.083,67.208,3912
  107,7075.995,64.913,3912
  108,7140.980,64.985,3912
  109,7204.974,63.994,3912
  110,7274.379,69.405,3912
  111,7336.886,62.507,3912
  112,7404.581,67.694,3912
  113,7468.338,63.758,3912
  114,7534.438,66.099,3912
  115,7598.986,64.549,3912
  116,7666.017,67.030,3912
  117,7727.778,61.762,3912
  118,7794.733,66.955,3912
  119,7859.358,64.625,3912
  120,7925.484,66.126,3912
  121,7995.341,69.857,3912
  122,8056.448,61.107,3912
  123,8125.668,69.220,3912
  124,8189.118,63.450,3912
  125,8254.799,65.680,3912
  126,8325.593,70.794,3912
  127,8387.277,61.685,3912
  128,8457.095,69.817,3912
  129,8522.026,64.932,3912
  130,8590.996,68.970,3912
  131,8656.164,65.168,3912
  132,8724.224,68.059,3912
  133,8788.612,64.389,3912
  134,8857.304,68.691,3912
  135,8922.184,64.880,3912
  136,8992.289,70.106,3912
  137,9057.776,65.487,3912
  138,9123.039,65.263,3912
  139,9192.076,69.037,3912
  140,9260.896,68.819,3912
  141,9324.117,63.222,3912
  142,9400.234,76.117,3912
  143,9464.825,64.591,3912
  144,9538.964,74.138,3912
  145,9608.259,69.295,3912
  146,9672.233,63.975,3914
  147,9736.190,63.957,3914
  148,9808.036,71.846,3914
  149,9871.154,63.118,3914
  150,9944.814,73.660,3914
  151,10008.685,63.870,3914
  152,10077.759,69.074,3914
  153,10145.056,67.297,3914
  154,10216.644,71.588,3914
  155,10280.630,63.986,3914
  156,10349.641,69.011,3916
  157,10416.113,66.473,3918
  158,10487.379,71.265,3918
  159,10559.358,71.980,3916
  160,10625.328,65.970,3916
  161,10695.827,70.499,3916
  162,10766.305,70.477,3918
  163,10834.248,67.944,3918
  164,10903.943,69.695,3918
  165,10970.167,66.223,3918
  166,11043.790,73.624,3918
  167,11110.546,66.755,3918
  168,11178.167,67.621,3918
  169,11246.996,68.830,3918
  170,11322.536,75.540,3918
  171,11388.925,66.388,3918
  172,11462.047,73.122,3918
  173,11527.458,65.411,3918
  174,11600.023,72.566,3918
  175,11664.271,64.248,3918
  176,11736.791,72.519,3918
  177,11804.964,68.173,3918
  178,11877.459,72.495,3918
  179,11942.595,65.136,3918
  180,12017.893,75.298,3918
  181,12082.117,64.225,3918
  182,12156.224,74.106,3918
  183,12223.515,67.291,3918
  184,12294.677,71.162,3918
  185,12364.503,69.826,3918
  186,12436.985,72.483,3918
  187,12504.440,67.455,3918
  188,12576.263,71.822,3918
  189,12643.183,66.920,3920
  190,12717.177,73.994,3920
  191,12783.771,66.595,3920
  192,12854.354,70.582,3920
  193,12927.380,73.026,3920
  194,13006.227,78.847,3920
  195,13071.611,65.385,3920
  196,13143.614,72.003,3920
  197,13214.025,70.411,3920
  198,13288.931,74.905,3920
  199,13356.101,67.170,3920
  200,13431.857,75.757,3920
  201,13496.921,65.063,3920
  202,13571.861,74.941,3930
  203,13643.465,71.603,3930
  204,13715.437,71.972,3930
  205,13786.824,71.388,3930
  206,13856.843,70.018,3930
  207,13926.716,69.873,3930
  208,14003.070,76.355,3930
  209,14067.085,64.014,3930
  210,14145.898,78.814,3930
  211,14211.806,65.907,3930
  212,14288.896,77.091,3930
  213,14358.349,69.452,3930
  214,14432.131,73.782,3930
  215,14500.857,68.727,3930
  216,14570.524,69.667,3930
  217,14642.776,72.252,3930
  218,14719.898,77.122,3920
  219,14790.254,70.355,3920
  220,14861.793,71.539,3920
  221,14930.504,68.711,3920
  222,15003.418,72.914,3920
  223,15074.777,71.360,3920
  224,15150.851,76.073,3920
  225,15214.026,63.176,3920
  226,15292.099,78.072,3920
  227,15353.966,61.867,3920
  228,15432.004,78.038,3920
  229,15499.995,67.991,3920
  230,15576.363,76.369,3920
  231,15647.326,70.962,3920
  232,15727.602,80.276,3920
  233,15790.496,62.894,3920
  234,15868.601,78.105,3920
  235,15936.357,67.757,3920
  236,16011.315,74.958,3920
  237,16079.644,68.328,3920
  238,16155.033,75.389,3920
  239,16223.713,68.680,3920
  240,16296.709,72.996,3920
  241,16364.731,68.023,3920
  242,16435.988,71.256,3920
  243,16500.303,64.315,3920
  244,16579.879,79.577,3920
  245,16646.814,66.935,3920
  246,16719.461,72.647,3920
  247,16789.402,69.941,3920
  248,16862.143,72.740,3920
  249,16931.506,69.364,3920
  250,17001.938,70.431,3920
  251,17069.600,67.661,3920
  252,17139.613,70.014,3918
  253,17208.609,68.995,3918
  254,17282.236,73.630,3918
  255,17350.205,67.967,3918
  256,17421.203,70.998,3918
  257,17487.832,66.630,3918
  258,17560.873,73.039,3918
  259,17628.461,67.588,3918
  260,17695.971,67.511,3918
  261,17766.797,70.827,3918
  262,17837.926,71.127,3918
  263,17905.490,67.566,3918
  264,17973.979,68.488,3918
  265,18041.736,67.759,3918
  266,18116.131,74.393,3918
  267,18180.580,64.450,3918
  268,18254.729,74.147,3918
  269,18321.973,67.245,3918
  270,18390.244,68.272,3918
  271,18459.041,68.797,3918
  272,18533.871,74.829,3918
  273,18597.162,63.292,3918
  274,18666.473,69.309,3918
  275,18737.313,70.841,3918
  276,18807.182,69.869,3918
  277,18874.420,67.239,3918
  278,18941.631,67.210,3918
  279,19011.305,69.674,3918
  280,19080.598,69.291,3918
  281,19144.773,64.177,3918
  282,19217.400,72.629,3918
  283,19285.145,67.743,3928
  284,19351.449,66.304,3928
  285,19420.072,68.624,3928
  286,19484.820,64.747,3928
  287,19552.643,67.823,3924
  288,19620.271,67.628,3924
  289,19684.695,64.424,3924
  290,19752.316,67.622,3924
  291,19817.051,64.734,3924
  292,19888.320,71.269,3924
  293,19954.316,65.998,3924
  294,20023.389,69.070,3924
  295,20085.092,61.703,3924
  296,20153.736,68.647,3924
  297,20218.504,64.765,3924
  298,20290.061,71.558,3924
  299,20352.482,62.422,3924
  300,20423.000,70.517,3924
  301,20486.086,63.086,3924
  302,20556.518,70.432,3924
  303,20617.150,60.633,3924
  304,20688.594,71.442,3924
  305,20750.145,61.551,3914
  306,20820.945,70.800,3914
  307,20883.777,62.832,3914
  308,20951.602,67.824,3914
  309,21013.908,62.309,3914
  310,21085.930,72.020,3914
  311,21147.002,61.071,3914
  312,21218.010,71.008,3914
  313,21282.586,64.576,3914
  314,21349.736,67.152,3914
  315,21415.418,65.681,3914
  316,21480.604,65.186,3914
  317,21547.951,67.348,3914
  318,21617.652,69.701,3914
  319,21677.732,60.080,3914
  320,21752.051,74.319,3914
  321,21817.059,65.008,3914
  322,21886.350,69.289,3914
  323,21950.053,63.706,3914
  324,22020.117,70.063,3914
  325,22084.693,64.576,3914
  326,22151.840,67.146,3914
  327,22220.469,68.631,3914
  328,22289.969,69.500,3914
  329,22353.541,63.570,3914
  330,22426.082,72.541,3914
  331,22490.320,64.241,3914
  332,22557.701,67.380,3914
  333,22628.682,70.980,3914
  334,22704.258,75.575,3914
  335,22770.773,66.515,3914
  336,22838.529,67.756,3914
  337,22907.484,68.958,3914
  338,22980.785,73.299,3914
  339,23042.641,61.856,3914
  340,23119.422,76.780,3914
  341,23183.896,64.477,3914
  342,23255.580,71.681,3914
  343,23317.969,62.389,3914
  344,23390.576,72.610,3914
  345,23457.309,66.730,3914
  346,23529.877,72.568,3914
  347,23595.303,65.427,3914
  348,23665.053,69.751,3914
  349,23730.521,65.466,3914
  350,23801.521,71.000,3914
  351,23867.637,66.118,3914
  352,23939.605,71.966,3912
  353,24004.564,64.960,3912
  354,24074.049,69.484,3912
  355,24139.082,65.034,3914
  356,24210.520,71.437,3914
  357,24277.746,67.225,3914
  358,24348.797,71.052,3914
  359,24413.209,64.413,3914
  360,24483.465,70.255,3914
  361,24549.666,66.201,3914
  362,24619.029,69.364,3914
  363,24683.197,64.168,3914
  364,24755.920,72.722,3914
  365,24819.535,63.616,3914
  366,24890.619,71.084,3914
  367,24955.203,64.584,3916
  368,25026.170,70.966,3916
  369,25094.307,68.138,3916
  370,25162.188,67.880,3916
  371,25228.549,66.361,3916
  372,25300.746,72.198,3916
  373,25364.684,63.937,3916
  374,25433.979,69.296,3916
  375,25497.477,63.497,3916
  376,25569.881,72.404,3916
  377,25637.010,67.128,3916
  378,25707.002,69.993,3916
  379,25772.787,65.786,3916
  380,25840.475,67.688,3916
  381,25908.918,68.441,3916
  382,25977.834,68.916,3916
  383,26044.533,66.702,3916
  384,26113.445,68.912,3916
  385,26180.789,67.343,3916
  386,26250.209,69.420,3916
  387,26317.465,67.256,3916
  388,26386.234,68.770,3916
  389,26453.340,67.104,3916
  390,26521.148,67.811,3916
  391,26589.098,67.947,3916
  392,26658.961,69.864,3916
  393,26723.885,64.923,3916
  394,26794.346,70.461,3916
  395,26860.123,65.778,3916
  396,26932.422,72.299,3916
  397,26998.316,65.894,3916
  398,27068.957,70.641,3916
  399,27132.953,63.997,3916
  400,27201.660,68.705,3916
  401,27273.445,71.785,3916
  402,27342.721,69.278,3916
  403,27406.262,63.538,3916
  404,27481.025,74.764,3916
  405,27541.105,60.082,3916
  406,27613.943,72.837,3916
  407,27677.053,63.109,3916
  408,27747.541,70.488,3916
  409,27814.785,67.244,3916
  410,27887.160,72.375,3916
  411,27955.262,68.103,3916
  412,28023.484,68.224,3916
  413,28085.230,61.745,3916
  414,28154.361,69.131,3916
  415,28223.805,69.442,3916
  416,28292.844,69.039,3916
  417,28357.086,64.241,3916
  418,28424.023,66.939,3916
  419,28493.154,69.130,3916
  420,28563.129,69.977,3916
  421,28626.961,63.830,3916
  422,28699.357,72.396,3916
  423,28765.406,66.048,3916
  424,28830.098,64.693,3916
  425,28902.289,72.193,3916
  426,28966.662,64.372,3916
  427,29033.361,66.699,3916
  428,29104.262,70.901,3916
  429,29182.590,78.328,3916
  430,29242.871,60.281,3916
  431,29310.258,67.387,3916
  432,29391.598,81.339,3916
  433,29454.193,62.597,3916
  434,29525.965,71.772,3916
  435,29594.465,68.498,3916
  436,29659.438,64.973,3916
  437,29725.453,66.015,3916
  438,29798.205,72.752,3916
  439,29860.518,62.314,3916
  440,29930.605,70.088,3916
  441,29998.006,67.400,3916
  442,30069.424,71.417,3916
  443,30133.949,64.525,3916
  444,30199.373,65.424,3916
  445,30265.998,66.624,3916
  446,30333.600,67.603,3916
  447,30402.281,68.682,3916
  448,30474.717,72.435,3916
  449,30538.939,64.223,3916
  450,30606.766,67.827,3916
  451,30669.973,63.206,3916
  452,30743.424,73.451,3916
  453,30808.498,65.074,3916
  454,30870.871,62.374,3916
  455,30945.725,74.855,3916
  456,31006.713,60.986,3916
  457,31078.883,72.171,3916
  458,31145.818,66.934,3916
  459,31214.064,68.246,3916
  460,31284.057,69.994,3916
  461,31343.645,59.588,3916
  462,31414.689,71.044,3916
  463,31484.617,69.928,3916
  464,31557.879,73.262,3916
  465,31625.186,67.305,3916
  466,31696.617,71.433,3916
  467,31756.926,60.309,3916
  468,31832.633,75.706,3916
  469,31893.980,61.347,3916
  470,31970.209,76.230,3916
  471,32042.100,71.890,3916
  472,32106.348,64.248,3916
  473,32174.090,67.742,3916
  474,32239.662,65.572,3916
  475,32307.990,68.328,3916
  476,32383.717,75.728,3916
  477,32447.582,63.865,3916
  478,32518.127,70.545,3916
  479,32583.357,65.229,3916
  480,32653.430,70.073,3916
  481,32720.281,66.853,3916
  482,32794.418,74.136,3916
  483,32859.523,65.104,3916
  484,32933.734,74.211,3916
  485,32995.109,61.377,3916
  486,33068.258,73.149,3916
  487,33140.594,72.334,3916
  488,33207.473,66.880,3916
  489,33277.383,69.909,3916
  490,33360.105,82.723,3916
  491,33420.297,60.190,3916
  492,33488.586,68.289,3916
  493,33561.281,72.696,3916
  494,33630.066,68.785,3916
  495,33697.887,67.821,3916
  496,33770.266,72.381,3916
  497,33835.254,64.985,3916
  498,33908.117,72.866,3916
  499,33978.949,70.830,3916
  500,34047.586,68.639,3916
  501,34117.211,69.623,3916
  502,34185.766,68.554,3916
  503,34258.992,73.229,3916
  504,34329.055,70.059,3916
  505,34395.719,66.664,3916
  506,34465.707,69.990,3916
  507,34533.027,67.321,3916
  508,34600.195,67.164,3916
  509,34667.473,67.282,3916
  510,34740.809,73.337,3916
  511,34811.152,70.345,3916
  512,34879.020,67.863,3916
  513,34945.977,66.960,3916
  514,35016.465,70.488,3916
  515,35084.098,67.633,3916
  516,35159.195,75.094,3916
  517,35227.008,67.817,3916
  518,35299.855,72.843,3916
  519,35364.152,64.298,3916
  520,35437.953,73.801,3916
  521,35509.344,71.392,3916
  522,35574.324,64.980,3916
  523,35646.883,72.559,3916
  524,35719.672,72.790,3916
  525,35781.609,61.936,3916
  526,35852.535,70.925,3916
  527,35928.008,75.474,3916
  528,35999.129,71.120,3916
  529,36060.805,61.677,3916
  530,36137.527,76.720,3916
  531,36206.406,68.879,3916
  532,36277.801,71.397,3916
  533,36351.641,73.841,3916
  534,36417.738,66.097,3916
  535,36484.754,67.014,3916
  536,36556.828,72.076,3916
  537,36621.977,65.146,3916
  538,36696.859,74.882,3916
  539,36772.566,75.708,3916
  540,36840.426,67.861,3916
  541,36905.004,64.579,3916
  542,36983.941,78.937,3916
  543,37047.578,63.637,3916
  544,37123.379,75.799,3916
  545,37190.313,66.934,3916
  546,37270.949,80.638,3916
  547,37332.953,62.003,3916
  548,37406.570,73.617,3916
  549,37479.160,72.591,3916
  550,37554.051,74.886,3916
  551,37614.941,60.893,3916
  552,37695.539,80.596,3916
  553,37758.969,63.431,3916
  554,37838.684,79.714,3916
  555,37906.488,67.809,3916
  556,37983.344,76.851,3916
  557,38053.203,69.859,3916
  558,38130.117,76.916,3916
  559,38191.867,61.751,3916
  560,38280.074,88.206,3916
  561,38341.703,61.628,3916
  562,38420.238,78.535,3916
  563,38490.129,69.893,3916
  564,38563.777,73.649,3916
  565,38640.477,76.698,3916
  566,38713.531,73.052,3916
  567,38789.023,75.493,3916
  568,38860.496,71.477,3916
  569,38937.676,77.174,3916
  570,39010.063,72.388,3916
  571,39077.410,67.350,3914
  572,39152.379,74.969,3914
  573,39226.695,74.314,3914
  574,39302.465,75.770,3914
  575,39366.043,63.580,3914
  576,39449.828,83.785,3914
  577,39515.000,65.172,3914
  578,39597.273,82.271,3914
  579,39662.684,65.408,3914
  580,39740.336,77.658,3914
  581,39813.301,72.964,3914
  582,39891.629,78.328,3914
  583,39960.355,68.722,3914
  584,40040.441,80.088,3914
  585,40110.168,69.729,3914
  586,40185.266,75.099,3914
  587,40263.410,78.144,3914
  588,40333.410,70.000,3914
  589,40404.480,71.069,3914
  590,40486.816,82.335,3914
  591,40560.441,73.628,3914
  592,40633.992,73.548,3914
  593,40700.633,66.640,3914
  594,40783.145,82.515,3914
  595,40854.828,71.684,3914
  596,40931.895,77.063,3914
  597,41002.277,70.383,3914
  598,41077.129,74.853,3914
  599,41143.387,66.257,3914
  600,41225.234,81.848,3914
  601,41296.027,70.791,3914
  602,41371.605,75.579,3914
  603,41438.180,66.574,3914
  604,41517.824,79.648,3914
  605,41585.781,67.955,3914
  606,41665.008,79.225,3914
  607,41738.523,73.515,3914
  608,41810.922,72.402,3914
  609,41879.535,68.609,3914
  610,41960.418,80.883,3914
  611,42014.184,53.767,3926
  612,42067.250,53.068,3929
  613,42121.758,54.508,3931
  614,42177.203,55.443,3934
  615,42232.082,54.880,3936
  616,42288.473,56.393,3938
  617,42343.766,55.291,3939
  618,42399.316,55.552,3939
  619,42454.383,55.064,3939
  620,42507.988,53.607,3939
  621,42563.160,55.173,3939
  622,42618.941,55.780,3939
  623,42675.305,56.363,3939
  624,42731.816,56.514,3939
  625,42787.340,55.520,3939
  626,42876.047,88.707,3939
  627,42896.465,20.419,3939
  628,42951.742,55.277,3939
  629,43005.793,54.053,3939
  630,43059.781,53.986,3939
  631,43116.836,57.055,3939
  632,43226.910,110.074,3939
  633,43243.359,16.448,3938
  634,43280.508,37.148,3938
  635,43334.336,53.828,3931
  636,43387.461,53.129,3913
  637,43442.449,54.986,3914
  638,43497.961,55.511,3911
  639,43552.957,54.998,3910
  640,43608.078,55.120,3909
  641,43660.621,52.545,3902
  642,43715.035,54.411,3896
  643,43778.195,63.159,3896
  644,43833.898,55.705,3896
  645,43888.012,54.111,3878
  646,43941.375,53.365,3840
  647,43996.797,55.424,3832
  648,44051.730,54.932,3748
  649,44110.480,58.754,3638
  650,44174.465,63.983,3531
  651,44224.223,49.756,3516
  652,44280.426,56.203,3524
  653,44332.027,51.600,3534
  654,44391.820,59.797,3535
  655,44454.965,63.142,3531
  656,44506.492,51.530,3532
  657,44564.273,57.778,3516
  658,44621.223,56.948,3515
  659,44684.973,63.753,3512
  660,44744.289,59.316,3510
  661,44797.289,53.000,3506
  662,44855.469,58.181,3507
  663,44913.582,58.111,3507
  664,44974.105,60.523,3507
  665,45036.164,62.055,3507
  666,45086.746,50.587,3506
  667,45145.020,58.273,3506
  668,45194.332,49.311,3509
  669,45266.242,71.912,3506
  670,45325.566,59.322,3506
  671,45387.105,61.541,3507
  672,45451.699,64.592,3505
  673,45518.777,67.080,3503
  674,45577.813,59.036,3503
  675,45646.648,68.837,3502
  676,45709.633,62.982,3502
  677,45774.922,65.291,3496
  678,45833.652,58.731,3496
  679,45913.914,80.260,3481
  680,45967.281,53.365,3476
  681,46033.891,66.608,3477
  682,46105.727,71.839,3474
  683,46159.250,53.525,3471
  684,46225.348,66.096,3472
  685,46303.266,77.916,3466
  686,46367.633,64.370,3466
  687,46434.133,66.501,3481
  688,46501.051,66.913,3480
  689,46569.363,68.312,3480
  690,46629.961,60.600,3480
  691,46694.141,64.183,3463
  692,46759.773,65.630,3457
  693,46824.172,64.398,3454
  694,46877.207,53.036,3459
  695,46939.188,61.981,3459
  696,46998.938,59.750,3459
  697,47070.391,71.452,3457
  698,47122.930,52.539,3456
  699,47187.977,65.047,3449
  700,47254.555,66.579,3443
  701,47310.113,55.560,3446
  702,47367.215,57.100,3446
  703,47429.762,62.545,3447
  704,47488.230,58.470,3449
  705,47553.211,64.980,3452
  706,47612.496,59.283,3456
  707,47675.395,62.900,3456
  708,47736.406,61.012,3458
  709,47801.516,65.111,3463
  710,47863.793,62.276,3463
  711,47924.969,61.180,3465
  712,47988.098,63.125,3467
  713,48050.496,62.396,3470
  714,48107.309,56.818,3470
  715,48167.996,60.684,3470
  716,48231.098,63.102,3469
  717,48291.453,60.358,3469
  718,48353.961,62.506,3468
  719,48419.301,65.340,3470
  720,48476.773,57.474,3474
  721,48536.352,59.574,3476
  722,48600.828,64.476,3476
  723,48668.281,67.457,3477
  724,48723.824,55.541,3477
  725,48789.867,66.041,3478
  726,48851.805,61.942,3482
  727,48916.371,64.563,3485
  728,48977.586,61.219,3486
  729,49041.492,63.904,3487
  730,49103.859,62.368,3488
  731,49170.449,66.591,3488
  732,49227.867,57.415,3485
  733,49294.406,66.541,3490
  734,49360.922,66.515,3492
  735,49420.199,59.275,3498
  736,49480.039,59.840,3500
  737,49540.867,60.828,3504
  738,49603.324,62.456,3506
  739,49667.875,64.553,3510
  740,49726.637,58.765,3510
  741,49791.633,64.993,3511
  742,49848.969,57.339,3510
  743,49915.258,66.286,3508
  744,49973.113,57.856,3507
  745,50037.309,64.196,3506
  746,50100.586,63.276,3506
  747,50159.527,58.942,3506
  748,50230.129,70.604,3506
  749,50292.516,62.385,3507
  750,50351.617,59.102,3506
  751,50418.969,67.352,3505
  752,50476.578,57.606,3505
  753,50542.441,65.865,3504
  754,50606.402,63.960,3505
  755,50698.105,91.704,3505
  756,50738.031,39.926,3506
  757,50802.105,64.077,3507
  758,50860.445,58.337,3512
  759,50922.867,62.419,3514
  760,50984.523,61.656,3517
  761,51047.953,63.434,3520
  762,51110.961,63.009,3519
  763,51172.906,61.942,3525
  764,51229.465,56.559,3531
  765,51295.785,66.323,3532
  766,51359.531,63.744,3537
  767,51424.016,64.483,3540
  768,51485.332,61.318,3546
  769,51551.168,65.835,3538
  770,51611.012,59.842,3539
  771,51673.402,62.393,3531
  772,51741.301,67.901,3535
  773,51803.914,62.612,3535
  774,51864.875,60.959,3538
  775,51928.383,63.508,3546
  776,51991.730,63.346,3546
  777,52055.730,64.003,3546
  778,52119.730,64.000,3550
  779,52181.684,61.950,3550
  780,52248.871,67.188,3554
  781,52311.988,63.119,3555
  782,52391.762,79.772,3562
  783,52437.652,45.890,3563
  784,52498.297,60.648,3566
  785,52563.492,65.191,3569
  786,52625.223,61.732,3573
  787,52690.781,65.562,3575
  788,52749.070,58.287,3576
  789,52811.629,62.560,3578
  790,52889.484,77.853,3580
  791,52951.773,62.290,3585
  792,53014.621,62.848,3587
  793,53077.691,63.071,3587
  794,53143.969,66.276,3593
  795,53211.035,67.067,3603
  796,53271.277,60.242,3610
  797,53334.270,62.992,3619
  798,53402.043,67.775,3625
  799,53468.973,66.931,3628
  800,53537.285,68.312,3630
  801,53606.113,68.825,3614
  802,53681.621,75.511,3622
  803,53747.285,65.663,3626
  804,53808.566,61.279,3630
  805,53877.691,69.125,3630
  806,53945.078,67.387,3634
  807,54008.305,63.231,3634
  808,54079.605,71.299,3633
  809,54150.184,70.574,3632
  810,54211.566,61.385,3632
  811,54284.898,73.333,3624
  812,54355.785,70.885,3625
  813,54426.961,71.179,3632
  814,54483.609,56.646,3631
  815,54558.820,75.208,3630
  816,54625.578,66.762,3631
  817,54693.410,67.832,3631
  818,54761.898,68.485,3631
  819,54825.496,63.597,3631
  820,54891.652,66.156,3631
  821,54952.227,60.576,3631
  822,55014.730,62.506,3631
  823,55083.664,68.931,3631
  824,55134.609,50.950,3631
  825,55224.492,89.879,3631
  826,55275.531,51.041,3631
  827,55315.863,40.331,3631
  828,55381.770,65.905,3628
  829,55452.277,70.510,3597
  830,55528.922,76.643,3559
  831,55580.824,51.902,3551
  832,55641.414,60.592,3557
  833,55702.203,60.787,3565
  834,55770.902,68.699,3576
  835,55839.289,68.388,3586
  836,55904.199,64.908,3597
  837,55964.477,60.275,3605
  838,56030.293,65.821,3614
  839,56094.551,64.257,3619
  840,56159.887,65.335,3619
  841,56225.824,65.937,3620
  842,56287.645,61.822,3618
  843,56351.922,64.277,3621
  844,56420.629,68.710,3632
  845,56479.434,58.804,3638
  846,56535.961,56.527,3640
  847,56603.777,67.818,3641
  848,56662.508,58.726,3652
  849,56723.266,60.759,3651
  850,56811.297,88.033,3649
  851,56856.465,45.170,3649
  852,56920.211,63.741,3649
  853,56981.168,60.956,3649
  854,57042.684,61.516,3649
  855,57104.539,61.855,3649
  856,57167.645,63.108,3649
  857,57232.648,65.003,3649
  858,57290.055,57.406,3649
  859,57351.641,61.585,3649
  860,57414.141,62.502,3649
  861,57475.078,60.938,3649
  862,57538.023,62.945,3649
  863,57598.563,60.537,3649
  864,57651.586,53.025,3649
  865,57710.656,59.068,3649
  866,57772.563,61.908,3649
  867,57836.031,63.470,3649
  868,57896.742,60.711,3649
  869,57959.617,62.877,3649
  870,58022.098,62.481,3649
  871,58084.156,62.053,3649
  872,58146.762,62.607,3649
  873,58208.383,61.623,3656
  874,58268.066,59.684,3658
  875,58334.602,66.537,3659
  876,58395.281,60.677,3667
  877,58459.355,64.071,3669
  878,58519.293,59.941,3671
  879,58583.816,64.520,3679
  880,58648.930,65.116,3682
  881,58712.523,63.591,3692
  882,58777.063,64.543,3699
  883,58858.336,81.272,3703
  884,58917.871,59.534,3706
  885,58971.883,54.012,3707
  886,59030.566,58.686,3707
  887,59094.148,63.579,3710
  888,59161.336,67.187,3713
  889,59221.172,59.836,3713
  890,59287.145,65.972,3723
  891,59343.305,56.160,3727
  892,59411.648,68.344,3729
  893,59472.664,61.017,3729
  894,59535.816,63.151,3732
  895,59598.680,62.864,3736
  896,59662.250,63.573,3739
  897,59727.480,65.227,3740
  898,59795.484,68.004,3742
  899,59862.746,67.264,3742
  900,59916.652,53.906,3743
  901,59977.461,60.810,3744
  902,60042.047,64.586,3751
  903,60110.730,68.683,3760
  904,60180.219,69.487,3762
  905,60232.051,51.831,3763
  906,60292.871,60.823,3789
  907,60356.426,63.557,3811
  908,60423.340,66.909,3830
  909,60537.836,114.498,3850
  910,60563.219,25.382,3853
  911,60616.113,52.895,3858
  912,60677.684,61.568,3866
  913,60742.348,64.668,3874
  914,60809.762,67.416,3885
  915,60878.316,68.551,3889
  916,60948.898,70.581,3888
  917,61024.906,76.008,3885
  918,61079.242,54.337,3888
  919,61143.098,63.858,3889
  920,61208.641,65.540,3890
  921,61270.836,62.197,3891
  922,61332.211,61.376,3890
  923,61398.289,66.079,3890
  924,61454.754,56.465,3892
  925,61527.668,72.910,3891
  926,61590.145,62.475,3890
  927,61655.230,65.088,3891
  928,61724.281,69.052,3892
  929,61799.305,75.021,3891
  930,61863.484,64.179,3889
  931,61937.066,73.584,3891
  932,62006.605,69.541,3895
  933,62081.820,75.214,3902
  934,62143.500,61.680,3911
  935,62211.824,68.321,3912
  936,62282.102,70.281,3925
  937,62354.383,72.280,3929
  938,62415.777,61.398,3938
  939,62487.363,71.583,3938
  940,62555.863,68.500,3937
  941,62628.617,72.755,3938
  942,62699.090,70.473,3926
  943,62766.559,67.466,3921
  944,62836.730,70.171,3920
  945,62901.945,65.219,3919
  946,62976.676,74.727,3919
  947,63041.766,65.092,3921
  948,63099.988,58.220,3923
  949,63167.027,67.039,3923
  950,63229.191,62.165,3922
  951,63288.660,59.470,3922
  952,63352.184,63.523,3922
  953,63419.164,66.977,3918
  954,63480.410,61.250,3918
  955,63544.734,64.324,3918
  956,63608.449,63.717,3919
  957,63671.609,63.158,3917
  958,63740.242,68.633,3920
  959,63799.434,59.190,3920
  960,63869.105,69.676,3919
  961,63925.023,55.914,3919
  962,63985.816,60.792,3925
  963,64048.371,62.558,3916
  964,64110.707,62.335,3921
  965,64175.828,65.118,3918
  966,64240.508,64.681,3918
  967,64301.266,60.758,3919
  968,64365.453,64.191,3919
  969,64427.559,62.102,3919
  970,64490.332,62.772,3919
  971,64551.805,61.473,3920
  972,64619.484,67.680,3920
  973,64680.758,61.277,3919
  974,64748.797,68.037,3919
  975,64811.816,63.018,3917
  976,64879.441,67.629,3917
  977,64940.348,60.904,3917
  978,65004.473,64.124,3917
  979,65068.656,64.182,3910
  980,65130.449,61.795,3942
  981,65202.051,71.604,3942
  982,65320.328,118.275,3942
  983,65339.547,19.217,3939
  984,65410.184,70.637,3939
  985,65471.961,61.778,3939
  986,65538.234,66.274,3938
  987,65600.313,62.076,3937
  988,65668.109,67.801,3937
  989,65729.180,61.069,3938
  990,65793.016,63.836,3938
  991,65856.867,63.850,3937
  992,65923.773,66.910,3938
  993,65986.063,62.284,3938
  994,66107.719,121.656,3934
  995,66118.836,11.124,3932
  996,66184.094,65.253,3931
  997,66245.805,61.708,3930
  998,66311.328,65.529,3926
  999,66373.914,62.580,3925
 1000,66437.742,63.829,3926
 1001,66499.984,62.246,3927
 1002,66563.141,63.157,3923
 1003,66626.336,63.193,3924
 1004,66691.961,65.625,3923
 1005,66756.188,64.229,3923
 1006,66820.320,64.133,3923
 1007,66883.172,62.850,3921
 1008,66947.234,64.060,3921
 1009,67010.883,63.646,3921
 1010,67078.922,68.047,3922
 1011,67142.383,63.453,3922
 1012,67203.313,60.940,3922
 1013,67263.766,60.448,3922
 1014,67331.883,68.120,3921
 1015,67392.164,60.277,3921
 1016,67457.055,64.888,3922
 1017,67518.875,61.825,3922
 1018,67581.641,62.767,3922
 1019,67641.273,59.633,3923
 1020,67707.688,66.416,3923
 1021,67771.172,63.476,3922
 1022,67835.938,64.773,3923
 1023,67901.570,65.630,3922
 1024,67969.305,67.737,3921
 1025,68030.438,61.127,3921
 1026,68091.391,60.951,3921
 1027,68158.352,66.969,3921
 1028,68218.789,60.433,3922
 1029,68286.656,67.874,3922
 1030,68344.664,58.002,3922
 1031,68406.289,61.630,3922
 1032,68471.656,65.367,3921
 1033,68534.070,62.407,3921
 1034,68596.422,62.348,3923
 1035,68659.398,62.978,3923
 1036,68722.930,63.536,3923
 1037,68785.422,62.489,3923
 1038,68846.313,60.897,3921
 1039,68910.352,64.042,3923
 1040,68974.898,64.539,3921
 1041,69040.383,65.481,3921
 1042,69106.172,65.795,3921
 1043,69168.289,62.120,3921
 1044,69231.492,63.202,3921
 1045,69298.227,66.734,3922
 1046,69361.906,63.680,3922
 1047,69424.898,62.989,3922
 1048,69486.883,61.983,3922
 1049,69548.297,61.417,3922
 1050,69611.164,62.868,3921
 1051,69676.336,65.177,3923
 1052,69733.086,56.740,3922
 1053,69797.742,64.654,3922
 1054,69862.195,64.457,3922
 1055,69931.492,69.293,3922
 1056,69997.141,65.656,3922
 1057,70063.836,66.694,3922
 1058,70128.164,64.329,3921
 1059,70199.539,71.369,3920
 1060,70258.602,59.069,3920
 1061,70328.320,69.716,3919
 1062,70379.992,51.678,3918
 1063,70449.922,69.925,3908
 1064,70514.930,65.007,3896
 1065,70581.969,67.038,3891
 1066,70648.289,66.321,3886
 1067,70713.313,65.024,3886
 1068,70777.734,64.415,3886
 1069,70842.625,64.900,3886
 1070,70906.164,63.536,3886
 1071,70972.109,65.943,3886
 1072,71037.047,64.940,3886
 1073,71100.938,63.895,3886
 1074,71166.328,65.392,3886
 1075,71221.711,55.371,3886
 1076,71281.078,59.373,3886
 1077,71338.930,57.852,3886
 1078,71396.844,57.911,3886
 1079,71455.570,58.727,3886
 1080,71515.234,59.668,3886
 1081,71571.414,56.173,3886
 1082,71630.336,58.930,3886
 1083,71688.938,58.599,3886
 1084,71744.992,56.056,3886
 1085,71804.039,59.045,3886
 1086,71863.109,59.070,3886
 1087,71920.102,56.989,3886
 1088,71979.891,59.794,3886
 1089,72037.039,57.144,3886
 1090,72095.563,58.526,3886
 1091,72151.820,56.256,3886
 1092,72213.391,61.568,3886
 1093,72272.930,59.542,3886
 1094,72331.641,58.717,3886
 1095,72391.578,59.934,3886
 1096,72455.258,63.678,3886
 1097,72511.648,56.396,3886
 1098,72566.469,54.817,3886
 1099,72628.680,62.212,3886
 1100,72688.211,59.525,3886
 1101,72746.313,58.109,3886
 1102,72803.813,57.492,3886
 1103,72861.594,57.788,3886
 1104,72920.805,59.207,3886
 1105,72980.234,59.431,3886
 1106,73039.227,58.991,3886
 1107,73098.430,59.205,3886
 1108,73158.234,59.804,3886
 1109,73217.414,59.173,3886
 1110,73277.578,60.169,3886
 1111,73336.336,58.765,3886
 1112,73395.328,58.992,3886
 1113,73455.727,60.390,3886
 1114,73515.328,59.607,3886
 1115,73574.094,58.763,3886
 1116,73633.375,59.281,3886
 1117,73692.531,59.160,3886
 1118,73749.766,57.227,3886
 1119,73808.445,58.679,3886
 1120,73867.492,59.055,3886
 1121,73928.695,61.198,3886
 1122,73987.461,58.763,3886
 1123,74047.969,60.517,3886
 1124,74107.336,59.369,3886
 1125,74165.852,58.507,3886
 1126,74226.805,60.957,3886
 1127,74286.242,59.435,3886
 1128,74345.836,59.596,3886
 1129,74406.164,60.324,3886
 1130,74466.414,60.247,3886
 1131,74525.906,59.495,3886
 1132,74583.906,58.005,3886
 1133,74641.859,57.953,3886
 1134,74699.094,57.232,3886
 1135,74759.344,60.253,3886
 1136,74818.039,58.687,3886
 1137,74874.891,56.857,3886
 1138,74934.906,60.016,3886
 1139,74991.805,56.898,3886
 1140,75050.734,58.924,3886
 1141,75110.000,59.272,3886
 1142,75170.227,60.228,3886
 1143,75229.398,59.170,3886
 1144,75289.281,59.885,3886
 1145,75348.195,58.910,3886
 1146,75407.781,59.585,3886
 1147,75466.141,58.362,3886
 1148,75526.977,60.835,3886
 1149,75584.852,57.874,3886
 1150,75645.539,60.693,3886
 1151,75703.758,58.213,3886
 1152,75763.047,59.289,3886
 1153,75821.445,58.402,3886
 1154,75879.813,58.366,3886
 1155,75938.781,58.970,3886
 1156,76000.031,61.244,3886
 1157,76060.820,60.795,3886
 1158,76118.148,57.330,3886
 1159,76177.891,59.741,3886
 1160,76235.969,58.081,3886
 1161,76294.516,58.540,3886
 1162,76354.102,59.585,3886
 1163,76412.602,58.503,3886
 1164,76470.383,57.780,3886
 1165,76529.344,58.969,3886
 1166,76587.734,58.380,3886
 1167,76645.914,58.186,3886
 1168,76704.609,58.699,3886
 1169,76764.180,59.563,3886
 1170,76821.047,56.863,3886
 1171,76879.195,58.157,3886
 1172,76937.469,58.268,3886
 1173,76996.391,58.922,3886
 1174,77052.570,56.181,3886
 1175,77113.109,60.537,3886
 1176,77169.398,56.289,3886
 1177,77227.789,58.393,3886
 1178,77285.539,57.754,3886
 1179,77342.648,57.111,3886
 1180,77397.375,54.719,3886
 1181,77457.875,60.505,3886
 1182,77513.813,55.938,3886
 1183,77569.398,55.580,3886
 1184,77625.523,56.127,3886
 1185,77681.203,55.685,3886
 1186,77742.648,61.445,3886
 1187,77805.180,62.530,3886
 1188,77865.258,60.075,3886
 1189,77925.555,60.298,3886
 1190,77990.438,64.877,3886
 1191,78053.180,62.748,3886
 1192,78117.805,64.624,3886
 1193,78181.563,63.761,3886
 1194,78246.883,65.317,3886
 1195,78309.531,62.647,3886
 1196,78374.156,64.627,3886
 1197,78440.195,66.043,3886
 1198,78503.406,63.207,3886
 1199,78567.172,63.768,3886
 1200,78630.758,63.580,3886
 1201,78694.195,63.443,3886
 1202,78758.984,64.788,3886
 1203,78821.820,62.834,3886
 1204,78883.836,62.016,3886
 1205,78943.617,59.781,3886
 1206,79005.484,61.867,3886
 1207,79065.969,60.489,3886
 1208,79123.844,57.869,3886
 1209,79178.852,55.007,3886
 1210,79233.969,55.127,3886
 1211,79288.117,54.136,3886
 1212,79342.813,54.703,3886
 1213,79398.781,55.966,3886
 1214,79456.359,57.575,3886
 1215,79512.266,55.915,3886
 1216,79566.430,54.155,3886
 1217,79624.336,57.913,3886
 1218,79679.828,55.490,3886
 1219,79735.188,55.358,3886
 1220,79791.813,56.624,3886
 1221,79846.656,54.849,3886
 1222,79901.188,54.532,3886
 1223,79959.383,58.191,3886
 1224,80014.953,55.572,3886
 1225,80070.477,55.523,3886
 1226,80128.438,57.959,3886
 1227,80180.227,51.790,3886
 1228,80236.141,55.915,3886
 1229,80290.047,53.903,3886
 1230,80344.570,54.529,3886
 1231,80396.961,52.394,3886
 1232,80451.797,54.830,3886
 1233,80506.563,54.762,3886
 1234,80560.539,53.982,3886
 1235,80615.688,55.145,3886
 1236,80671.469,55.780,3886
 1237,80726.078,54.612,3886
 1238,80782.961,56.885,3886
 1239,80837.023,54.059,3886
 1240,80890.469,53.443,3886
 1241,80944.352,53.882,3886
 1242,81001.281,56.934,3886
 1243,81055.633,54.357,3886
 1244,81110.227,54.593,3886
 1245,81164.906,54.677,3886
 1246,81217.656,52.750,3886
 1247,81275.664,58.008,3886
 1248,81328.438,52.773,3886
 1249,81382.781,54.338,3886
 1250,81438.898,56.118,3886
 1251,81493.211,54.316,3886
 1252,81549.758,56.546,3886
 1253,81604.852,55.090,3886
 1254,81659.703,54.853,3886
 1255,81718.813,59.112,3506
 1256,81775.828,57.011,3511
 1257,81832.258,56.432,3514
 1258,81885.844,53.589,3522
 1259,81943.055,57.208,3528
 1260,81999.797,56.741,3535
 1261,82057.430,57.634,3544
 1262,82114.352,56.923,3553
 1263,82170.516,56.162,3561
 1264,82224.961,54.449,3569
 1265,82283.602,58.642,3571
 1266,82337.523,53.920,3577
 1267,82391.016,53.489,3578
 1268,82449.797,58.787,3579
 1269,82507.398,57.592,3583
 1270,82559.039,51.641,3584
 1271,82616.070,57.038,3587
 1272,82676.250,60.179,3588
 1273,82731.555,55.308,3588
 1274,82789.906,58.346,3591
 1275,82846.594,56.695,3598
 1276,82899.711,53.111,3606
 1277,82960.047,60.333,3615
 1278,83015.180,55.138,3623
 1279,83068.117,52.938,3631
 1280,83124.133,56.009,3636
 1281,83179.422,55.292,3637
 1282,83236.039,56.617,3631
 1283,83290.094,54.056,3628
 1284,83347.477,57.386,3630
 1285,83400.617,53.141,3633
 1286,83455.680,55.056,3635
 1287,83510.914,55.239,3633
 1288,83566.125,55.212,3634
 1289,83621.078,54.951,3631
 1290,83674.930,53.855,3632
 1291,83730.805,55.869,3634
 1292,83782.930,52.128,3631
 1293,83839.820,56.887,3633
 1294,83894.773,54.953,3632
 1295,83950.047,55.273,3632
 1296,84004.656,54.617,3633
 1297,84061.008,56.344,3634
 1298,84119.922,58.920,3634
 1299,84174.719,54.795,3636
 1300,84229.125,54.407,3633
 1301,84283.570,54.444,3631
 1302,84340.023,56.448,3632
 1303,84393.180,53.164,3630
 1304,84449.867,56.685,3633
 1305,84505.094,55.225,3632
 1306,84567.500,62.407,3632
 1307,84617.305,49.810,3633
 1308,84674.672,57.357,3632
 1309,84727.227,52.565,3634
 1310,84784.414,57.180,3635
 1311,84838.484,54.071,3633
 1312,84894.883,56.402,3633
 1313,84947.352,52.464,3632
 1314,85006.406,59.054,3632
 1315,85061.070,54.663,3632
 1316,85118.781,57.713,3634
 1317,85171.859,53.081,3633
 1318,85226.734,54.872,3633
 1319,85281.813,55.080,3637
 1320,85333.438,51.625,3638
 1321,85392.406,58.969,3633
 1322,85444.430,52.024,3633
 1323,85502.344,57.915,3633
 1324,85554.359,52.009,3635
 1325,85611.906,57.551,3634
 1326,85666.906,55.003,3634
 1327,85723.094,56.181,3630
 1328,85785.383,62.289,3630
 1329,85839.250,53.873,3632
 1330,85895.492,56.242,3633
 1331,85953.047,57.548,3634
 1332,86012.781,59.737,3633
 1333,86066.727,53.949,3633
 1334,86123.352,56.621,3631
 1335,86177.445,54.093,3633
 1336,86233.906,56.469,3633
 1337,86287.078,53.166,3634
 1338,86340.391,53.313,3633
 1339,86400.195,59.812,3634
 1340,86451.023,50.823,3633
 1341,86505.008,53.983,3633
 1342,86561.594,56.587,3633
 1343,86622.898,61.307,3631
 1344,86678.680,55.778,3633
 1345,86737.469,58.790,3633
 1346,86791.633,54.165,3634
 1347,86849.977,58.344,3632
 1348,86907.656,57.686,3634
 1349,86965.219,57.554,3633
 1350,87022.758,57.539,3632
 1351,87081.281,58.525,3634
 1352,87140.375,59.090,3635
 1353,87200.461,60.086,3634
 1354,87256.570,56.116,3633
 1355,87313.961,57.394,3633
 1356,87369.969,56.002,3634
 1357,87426.852,56.881,3634
 1358,87484.281,57.434,3634
 1359,87541.570,57.287,3633
 1360,87597.359,55.782,3634
 1361,87654.164,56.814,3634
 1362,87708.820,54.650,3634
 1363,87766.242,57.430,3633
 1364,87824.523,58.275,3633
 1365,87881.250,56.727,3634
 1366,87939.539,58.293,3633
 1367,87998.438,58.894,3634
 1368,88055.094,56.655,3633
 1369,88111.820,56.731,3633
 1370,88169.664,57.841,3633
 1371,88225.953,56.289,3634
 1372,88285.602,59.650,3634
 1373,88340.781,55.178,3634
 1374,88398.820,58.043,3633
 1375,88454.461,55.639,3634
 1376,88510.727,56.263,3633
 1377,88567.742,57.012,3634
 1378,88624.805,57.071,3634
 1379,88674.523,49.715,3633
 1380,88730.164,55.641,3635
 1381,88786.570,56.409,3639
 1382,88838.523,51.950,3637
 1383,88894.133,55.610,3635
 1384,88950.594,56.467,3633
 1385,89008.086,57.482,3637
 1386,89059.445,51.358,3637
 1387,89118.008,58.565,3637
 1388,89171.086,53.079,3636
 1389,89228.719,57.632,3635
 1390,89279.625,50.915,3637
 1391,89336.828,57.198,3637
 1392,89389.445,52.612,3638
 1393,89444.625,55.184,3637
 1394,89499.977,55.354,3635
 1395,89556.266,56.291,3636
 1396,89608.164,51.898,3638
 1397,89664.313,56.146,3638
 1398,89719.641,55.330,3639
 1399,89774.445,54.798,3637
 1400,89829.063,54.618,3638
 1401,89882.500,53.443,3639
 1402,89937.063,54.557,3638
 1403,89993.172,56.115,3639
 1404,90051.016,57.835,3637
 1405,90104.516,53.502,3638
 1406,90158.695,54.183,3639
 1407,90212.359,53.659,3638
 1408,90266.930,54.579,3639
 1409,90321.813,54.881,3638
 1410,90375.383,53.567,3638
 1411,90429.867,54.484,3638
 1412,90484.141,54.275,3638
 1413,90539.000,54.852,3638
 1414,90593.617,54.625,3637
 1415,90642.852,49.237,3638
 1416,90688.297,45.447,3637
 1417,90735.594,47.294,3638
 1418,90782.563,46.969,3638
 1419,90831.961,49.397,3637
 1420,90878.992,47.029,3638
 1421,90928.859,49.872,3637
 1422,90975.203,46.339,3637
 1423,91025.570,50.375,3639
 1424,91073.289,47.718,3638
 1425,91121.570,48.282,3644
 1426,91168.430,46.852,3642
 1427,91215.070,46.637,3639
 1428,91265.086,50.017,3639
 1429,91311.586,46.503,3640
 1430,91358.516,46.928,3641
 1431,91405.297,46.789,3641
 1432,91453.313,48.012,3640
 1433,91500.453,47.139,3639
 1434,91547.305,46.853,3640
 1435,91593.773,46.464,3641
 1436,91641.625,47.857,3641
 1437,91688.203,46.580,3641
 1438,91736.469,48.260,3640
 1439,91784.930,48.469,3641
 1440,91833.898,48.964,3641
 1441,91884.109,50.211,3640
 1442,91938.133,54.019,3641
 1443,91989.813,51.686,3640
 1444,92040.883,51.066,3640
 1445,92093.094,52.214,3641
 1446,92144.406,51.309,3641
 1447,92195.914,51.514,3641
 1448,92248.242,52.324,3641
 1449,92302.422,54.180,3640
 1450,92355.594,53.173,3640
 1451,92413.219,57.624,3641
 1452,92462.883,49.662,3640
 1453,92516.719,53.836,3641
 1454,92567.586,50.866,3641
 1455,92619.500,51.913,3640
 1456,92669.891,50.394,3641
 1457,92722.852,52.960,3640
 1458,92776.500,53.652,3640
 1459,92830.656,54.148,3641
 1460,92883.211,52.562,3641
 1461,92935.945,52.737,3641
 1462,92981.156,45.208,3641
 1463,93026.953,45.799,3640
 1464,93071.438,44.478,3640
 1465,93116.750,45.311,3640
 1466,93163.109,46.360,3641
 1467,93208.328,45.221,3641
 1468,93254.758,46.428,3641
 1469,93301.141,46.387,3641
 1470,93347.508,46.366,3640
 1471,93393.125,45.620,3640
 1472,93436.555,43.426,3640
 1473,93483.930,47.376,3640
 1474,93530.438,46.502,3641
 1475,93577.453,47.019,3641
 1476,93621.969,44.518,3640
 1477,93668.438,46.463,3640
 1478,93714.453,46.024,3641
 1479,93760.039,45.576,3641
 1480,93805.906,45.879,3642
 1481,93849.773,43.859,3641
 1482,93894.344,44.568,3640
 1483,93940.563,46.229,3640
 1484,93985.031,44.465,3640
 1485,94029.805,44.771,3641
 1486,94075.797,45.990,3640
 1487,94121.078,45.284,3640
 1488,94166.633,45.558,3641
 1489,94210.789,44.152,3640
 1490,94258.164,47.379,3642
 1491,94301.688,43.521,3641
 1492,94348.336,46.643,3641
 1493,94391.398,43.063,3641
 1494,94436.453,45.061,3639
 1495,94480.781,44.328,3641
 1496,94526.078,45.297,3641
 1497,94571.891,45.815,3641
 1498,94615.461,43.563,3641
 1499,94660.836,45.377,3641
 1500,94704.695,43.858,3641
 1501,94749.375,44.682,3672
 1502,94792.250,42.880,3671
 1503,94837.094,44.838,3670
 1504,94879.953,42.863,3669
 1505,94924.156,44.204,3669
 1506,94966.852,42.689,3669
 1507,95012.617,45.775,3669
 1508,95056.281,43.662,3669
 1509,95099.375,43.086,3669
 1510,95144.297,44.927,3669
 1511,95188.117,43.819,3669
 1512,95233.547,45.430,3669
 1513,95277.180,43.636,3669
 1514,95319.984,42.796,3669
 1515,95367.164,47.186,3637
 1516,95410.086,42.916,3640
 1517,95453.664,43.579,3641
 1518,95497.477,43.817,3641
 1519,95541.813,44.332,3642
 1520,95587.023,45.214,3639
 1521,95630.547,43.524,3640
 1522,95676.891,46.347,3640
 1523,95720.422,43.528,3641
 1524,95764.461,44.041,3642
 1525,95807.375,42.909,3641
 1526,95854.984,47.606,3640
 1527,95899.305,44.328,3639
 1528,95943.453,44.148,3640
 1529,95990.102,46.650,3641
 1530,96033.672,43.561,3641
 1531,96078.914,45.252,3641
 1532,96124.430,45.510,3640
 1533,96168.523,44.094,3640
 1534,96212.469,43.948,3641
 1535,96260.367,47.892,3640
 1536,96303.016,42.653,3640
 1537,96348.398,45.385,3640
 1538,96394.875,46.478,3640
 1539,96439.586,44.710,3640
 1540,96485.133,45.544,3640
 1541,96533.070,47.937,3641
 1542,96574.539,41.475,3641
 1543,96621.031,46.482,3640
 1544,96667.930,46.909,3641
 1545,96713.203,45.274,3640
 1546,96754.531,41.325,3641
 1547,96799.570,45.038,3641
 1548,96846.438,46.864,3641
 1549,96893.359,46.920,3641
 1550,96938.727,45.367,3641
 1551,96983.930,45.207,3641
 1552,97027.688,43.752,3641
 1553,97071.914,44.237,3640
 1554,97117.258,45.343,3641
 1555,97163.961,46.706,3641
 1556,97209.523,45.556,3641
 1557,97256.516,46.989,3642
 1558,97307.711,51.193,3640
 1559,97349.000,41.294,3640
 1560,97394.594,45.594,3640
 1561,97442.516,47.919,3640
 1562,97486.867,44.359,3641
 1563,97532.000,45.127,3640
 1564,97580.031,48.029,3640
 1565,97626.344,46.312,3640
 1566,97670.695,44.351,3640
 1567,97717.539,46.846,3641
 1568,97763.484,45.946,3641
 1569,97808.742,45.255,3641
 1570,97855.258,46.520,3641
 1571,97903.867,48.609,3640
 1572,97946.492,42.623,3640
 1573,97994.828,48.337,3640
 1574,98038.914,44.087,3640
 1575,98088.078,49.166,3641
 1576,98135.180,47.098,3642
 1577,98183.680,48.502,3642
 1578,98227.547,43.868,3641
 1579,98274.547,47.003,3640
 1580,98321.875,47.323,3640
 1581,98367.102,45.229,3640
 1582,98413.547,46.446,3641
 1583,98458.898,45.353,3641
 1584,98507.320,48.419,3641
 1585,98554.703,47.378,3641
 1586,98601.313,46.608,3641
 1587,98649.938,48.631,3641
 1588,98698.195,48.259,3640
 1589,98746.672,48.472,3641
 1590,98795.031,48.361,3640
 1591,98842.930,47.905,3641
 1592,98889.828,46.898,3641
 1593,98936.484,46.650,3640
 1594,98987.000,50.513,3640
 1595,99031.570,44.573,3641
 1596,99079.570,48.000,3641
 1597,99127.688,48.112,3641
 1598,99175.852,48.172,3640
 1599,99222.039,46.180,3640
 1600,99270.891,48.858,3640
 1601,99317.547,46.656,3640
 1602,99366.492,48.948,3641
 1603,99411.641,45.146,3641
 1604,99462.445,50.805,3641
 1605,99510.016,47.566,3640
 1606,99555.898,45.887,3640
 1607,99601.695,45.791,3640
 1608,99652.477,50.790,3641
 1609,99699.133,46.654,3641
 1610,99749.234,50.105,3641
 1611,99798.117,48.875,3640
 1612,99847.086,48.968,3640
 1613,99893.070,45.988,3641
 1614,99941.961,48.898,3640
 1615,99989.742,47.776,3641
 1616,100039.547,49.806,3641
 1617,100084.648,45.092,3640
 1618,100134.953,50.313,3641
 1619,100183.727,48.767,3640
 1620,100231.711,47.989,3640
 1621,100279.992,48.278,3641
 1622,100330.664,50.669,3641
 1623,100377.820,47.162,3641
 1624,100426.055,48.232,3640
 1625,100475.172,49.125,3640
 1626,100525.563,50.387,3640
 1627,100576.656,51.092,3640
 1628,100621.117,44.460,3641
 1629,100670.750,49.635,3641
 1630,100720.719,49.963,3640
 1631,100773.813,53.096,3640
 1632,100820.313,46.497,3640
 1633,100870.305,49.994,3640
 1634,100918.461,48.158,3641
 1635,100967.453,48.995,3641
 1636,101020.484,53.030,3640
 1637,101067.992,47.508,3640
 1638,101119.211,51.223,3640
 1639,101171.063,51.850,3640
 1640,101222.273,51.216,3641
 1641,101272.148,49.868,3640
 1642,101323.734,51.585,3641
 1643,101374.484,50.750,3641
 1644,101428.688,54.203,3640
 1645,101476.672,47.981,3640
 1646,101527.977,51.308,3640
 1647,101574.461,46.486,3641
 1648,101630.250,55.789,3641
 1649,101677.148,46.896,3641
 1650,101733.063,55.915,3641
 1651,101783.539,50.482,3640
 1652,101835.023,51.479,3640
 1653,101886.336,51.307,3640
 1654,101937.805,51.475,3642
 1655,101992.383,54.579,3641
 1656,102043.383,50.999,3640
 1657,102095.836,52.455,3640
 1658,102146.000,50.160,3640
 1659,102199.602,53.609,3641
 1660,102251.648,52.039,3641
 1661,102305.047,53.402,3641
 1662,102360.945,55.902,3640
 1663,102412.555,51.606,3641
 1664,102464.273,51.725,3641
 1665,102519.367,55.081,3641
 1666,102569.906,50.545,3641
 1667,102623.430,53.520,3640
 1668,102684.922,61.500,3640
 1669,102736.086,51.158,3640
 1670,102787.039,50.955,3641
 1671,102839.000,51.959,3641
 1672,102895.500,56.499,3641
 1673,102950.703,55.202,3640
 1674,102998.688,47.987,3640
 1675,103055.094,56.402,3640
 1676,103108.523,53.434,3641
 1677,103160.180,51.654,3641
 1678,103217.328,57.150,3641
 1679,103270.609,53.284,3642
 1680,103324.445,53.837,3640
 1681,103377.484,53.034,3641
 1682,103434.352,56.867,3641
 1683,103487.742,53.392,3640
 1684,103546.258,58.517,3641
 1685,103602.523,56.269,3640
 1686,103652.242,49.719,3640
 1687,103711.781,59.535,3640
 1688,103769.398,57.616,3640
 1689,103817.914,48.517,3641
 1690,103878.391,60.475,3640
 1691,103928.313,49.920,3640
 1692,103986.992,58.679,3644
 1693,104040.813,53.824,3643
 1694,104095.898,55.089,3642
 1695,104145.375,49.473,3642
 1696,104204.609,59.241,3637
 1697,104265.594,60.983,3640
 1698,104314.633,49.030,3641
 1699,104369.516,54.888,3641
 1700,104428.367,58.847,3642
 1701,104477.305,48.934,3641
 1702,104536.711,59.416,3640
 1703,104594.234,57.527,3641
 1704,104650.422,56.178,3641
 1705,104702.508,52.092,3642
 1706,104761.266,58.756,3641
 1707,104818.211,56.951,3641
 1708,104873.813,55.600,3641
 1709,104930.203,56.390,3641
 1710,104981.000,50.792,3641
 1711,105041.867,60.867,3639
 1712,105094.945,53.080,3641
 1713,105157.523,62.576,3641
 1714,105206.938,49.420,3641
 1715,105268.922,61.982,3641
 1716,105320.758,51.831,3640
 1717,105380.695,59.939,3640
 1718,105438.898,58.203,3641
 1719,105493.422,54.527,3641
 1720,105548.477,55.051,3640
 1721,105608.281,59.808,3641
 1722,105666.148,57.867,3641
 1723,105723.883,57.738,3640
 1724,105776.617,52.730,3640
 1725,105834.453,57.839,3640
 1726,105887.672,53.211,3641
 1727,105947.344,59.670,3641
 1728,106002.305,54.964,3641
 1729,106061.445,59.139,3641
 1730,106119.594,58.159,3641
 1731,106178.453,58.857,3640
 1732,106237.031,58.573,3641
 1733,106291.648,54.617,3641
 1734,106343.617,51.972,3641
 1735,106407.047,63.426,3641
 1736,106460.484,53.441,3640
 1737,106521.594,61.109,3640
 1738,106577.695,56.097,3640
 1739,106638.359,60.661,3640
 1740,106693.414,55.056,3641
 1741,106751.297,57.883,3641
 1742,106812.367,61.073,3641
 1743,106876.773,64.412,3639
 1744,106935.672,58.893,3638
 1745,106998.516,62.851,3637
 1746,107051.672,53.148,3637
 1747,107114.688,63.017,3637
 1748,107167.039,52.351,3637
 1749,107225.055,58.017,3637
 1750,107284.508,59.454,3637
 1751,107341.695,57.183,3637
 1752,107403.242,61.557,3637
 1753,107462.922,59.675,3637
 1754,107517.305,54.379,3637
 1755,107573.773,56.474,3637
 1756,107632.461,58.684,3637
 1757,107690.141,57.682,3637
 1758,107754.563,64.423,3637
 1759,107811.703,57.134,3637
 1760,107866.906,55.207,3637
 1761,107927.891,60.990,3637
 1762,107985.320,57.418,3637
 1763,108041.570,56.258,3637
 1764,108106.094,64.519,3637
 1765,108163.906,57.814,3637
 1766,108226.203,62.303,3637
 1767,108278.328,52.113,3637
 1768,108345.797,67.480,3637
 1769,108394.383,48.580,3637
 1770,108461.945,67.567,3637
 1771,108513.688,51.737,3637
 1772,108571.320,57.636,3637
 1773,108628.555,57.233,3637
 1774,108687.117,58.561,3637
 1775,108749.656,62.542,3637
 1776,108805.117,55.463,3637
 1777,108868.578,63.465,3637
 1778,108928.414,59.831,3637
 1779,108982.383,53.965,3637
 1780,109042.352,59.967,3637
 1781,109106.203,63.855,3637
 1782,109162.164,55.965,3637
 1783,109222.227,60.063,3637
 1784,109282.703,60.471,3637
 1785,109340.938,58.239,3637
 1786,109405.141,64.201,3637
 1787,109461.305,56.160,3637
 1788,109518.531,57.235,3637
 1789,109585.086,66.547,3637
 1790,109645.086,60.003,3637
 1791,109701.117,56.031,3637
 1792,109760.406,59.286,3637
 1793,109823.844,63.445,3637
 1794,109885.031,61.178,3637
 1795,109940.234,55.211,3637
 1796,110001.648,61.404,3637
 1797,110061.250,59.615,3637
 1798,110124.625,63.365,3637
 1799,110179.328,54.702,3637
 1800,110242.758,63.437,3637
 1801,110301.703,58.944,3637
 1802,110357.977,56.266,3637
 1803,110418.078,60.103,3637
 1804,110485.117,67.042,3637
 1805,110546.531,61.419,3637
 1806,110608.297,61.755,3637
 1807,110662.156,53.869,3637
 1808,110724.750,62.589,3637
 1809,110788.445,63.697,3637
 1810,110844.891,56.449,3637
 1811,110907.063,62.163,3637
 1812,110966.508,59.451,3637
 1813,111025.273,58.769,3637
 1814,111087.898,62.626,3637
 1815,111144.023,56.115,3637
 1816,111208.438,64.421,3637
 1817,111265.531,57.095,3637
 1818,111330.680,65.144,3637
 1819,111389.602,58.928,3637
 1820,111452.820,63.212,3637
 1821,111517.773,64.954,3637
 1822,111585.992,68.217,3637
 1823,111654.164,68.180,3637
 1824,111723.273,69.107,3637
 1825,111788.773,65.498,3637
 1826,111854.398,65.623,3637
 1827,111919.344,64.942,3637
 1828,111985.977,66.632,3637
 1829,112055.492,69.524,3637
 1830,112127.078,71.586,3637
 1831,112187.727,60.641,3637
 1832,112255.055,67.330,3637
 1833,112320.461,65.408,3637
 1834,112393.641,73.174,3637
 1835,112460.063,66.429,3637
 1836,112524.305,64.237,3637
 1837,112598.469,74.172,3637
 1838,112668.930,70.465,3637
 1839,112732.328,63.384,3637
 1840,112797.234,64.918,3637
 1841,112863.727,66.487,3637
 1842,112932.211,68.487,3637
 1843,112990.563,58.349,3637
 1844,113060.695,70.128,3637
 1845,113115.438,54.747,3637
 1846,113175.219,59.788,3637
 1847,113239.250,64.024,3637
 1848,113302.219,62.969,3637
 1849,113367.086,64.869,3669
 1850,113423.969,56.880,3669
 1851,113491.570,67.608,3669
 1852,113553.688,62.106,3669
 1853,113615.219,61.541,3669
 1854,113682.852,67.633,3669
 1855,113754.445,71.590,3669
 1856,113812.961,58.509,3669
 1857,113879.281,66.326,3669
 1858,113950.570,71.291,3669
 1859,114008.500,57.930,3669
 1860,114074.320,65.814,3669
 1861,114139.453,65.138,3669
 1862,114210.031,70.576,3669
 1863,114277.266,67.237,3669
 1864,114348.266,71.005,3669
 1865,114413.875,65.602,3669
 1866,114475.398,61.523,3669
 1867,114540.664,65.264,3669
 1868,114609.281,68.615,3669
 1869,114678.266,68.994,3669
 1870,114744.328,66.053,3669
 1871,114808.844,64.525,3669
 1872,114872.109,63.260,3669
 1873,114943.836,71.733,3669
 1874,115010.930,67.089,3669
 1875,115075.008,64.073,3669
 1876,115149.414,74.408,3669
 1877,115211.156,61.743,3669
 1878,115283.141,71.990,3669
 1879,115344.977,61.829,3669
 1880,115411.188,66.215,3669
 1881,115482.586,71.401,3669
 1882,115544.188,61.603,3669
 1883,115612.930,68.740,3669
 1884,115684.633,71.700,3669
 1885,115743.961,59.328,3669
 1886,115814.875,70.916,3669
 1887,115879.336,64.456,3669
 1888,115951.680,72.344,3669
 1889,116020.375,68.702,3669
 1890,116086.195,65.820,3669
 1891,116156.594,70.400,3669
 1892,116221.477,64.881,3669
 1893,116284.367,62.886,3669
 1894,116352.734,68.369,3669
 1895,116416.188,63.455,3669
 1896,116488.516,72.328,3669
 1897,116550.023,61.508,3669
 1898,116620.711,70.684,3669
 1899,116690.023,69.317,3669
 1900,116759.438,69.413,3669
 1901,116828.305,68.860,3669
 1902,116898.375,70.076,3669
 1903,116967.156,68.785,3669
 1904,117035.625,68.459,3669
 1905,117108.484,72.868,3669
 1906,117168.406,59.919,3669
 1907,117234.305,65.894,3669
 1908,117304.914,70.620,3669
 1909,117371.789,66.868,3669
 1910,117437.570,65.786,3669
 1911,117505.180,67.605,3669
 1912,117576.492,71.314,3669
 1913,117641.797,65.308,3669
 1914,117715.461,73.660,3669
 1915,117777.500,62.042,3669
 1916,117848.555,71.057,3669
 1917,117917.234,68.674,3669
 1918,117982.352,65.117,3669
 1919,118051.156,68.808,3669
 1920,118124.852,73.691,3669
 1921,118184.547,59.703,3669
 1922,118247.344,62.787,3669
 1923,118321.680,74.336,3669
 1924,118385.891,64.221,3669
 1925,118458.406,72.510,3669
 1926,118529.984,71.575,3669
 1927,118596.523,66.547,3669
 1928,118661.125,64.601,3669
 1929,118726.820,65.692,3669
 1930,118810.406,83.587,3669
 1931,118864.961,54.552,3669
 1932,118932.539,67.579,3669
 1933,119004.773,72.237,3669
 1934,119076.320,71.544,3669
 1935,119144.969,68.643,3669
 1936,119218.305,73.335,3669
 1937,119288.211,69.912,3669
 1938,119355.305,67.094,3669
 1939,119431.734,76.426,3669
 1940,119498.914,67.183,3669
 1941,119563.344,64.429,3669
 1942,119644.883,81.543,3669
 1943,119711.750,66.863,3669
 1944,119775.094,63.342,3669
 1945,119842.258,67.174,3669
 1946,119914.992,72.723,3669
 1947,119984.578,69.591,3669
 1948,120054.781,70.205,3669
 1949,120129.453,74.671,3669
 1950,120197.539,68.091,3669
 1951,120267.336,69.789,3669
 1952,120338.375,71.039,3669
 1953,120409.430,71.060,3669
 1954,120478.500,69.067,3669
 1955,120548.195,69.693,3669
 1956,120617.648,69.449,3669
 1957,120690.281,72.639,3669
 1958,120758.813,68.534,3669
 1959,120834.359,75.545,3669
 1960,120910.938,76.571,3669
 1961,120978.469,67.535,3669
 1962,121055.133,76.670,3669
 1963,121127.719,72.579,3669
 1964,121195.391,67.675,3669
 1965,121265.063,69.669,3669
 1966,121347.703,82.642,3669
 1967,121415.000,67.296,3669
 1968,121483.047,68.052,3669
 1969,121562.227,79.183,3669
 1970,121632.406,70.175,3669
 1971,121705.227,72.822,3669
 1972,121773.133,67.901,3669
 1973,121842.008,68.871,3669
 1974,121923.484,81.487,3669
 1975,121985.281,61.792,3669
 1976,122059.813,74.532,3669
 1977,122128.859,69.050,3669
 1978,122204.266,75.397,3669
 1979,122273.586,69.326,3669
 1980,122351.523,77.944,3669
 1981,122416.141,64.615,3669
 1982,122491.500,75.358,3669
 1983,122562.055,70.554,3669
 1984,122645.242,83.192,3669
 1985,122710.664,65.417,3669
 1986,122785.984,75.316,3669
 1987,122864.336,78.349,3669
 1988,122941.789,77.458,3669
 1989,123005.313,63.518,3669
 1990,123086.336,81.026,3669
 1991,123167.719,81.386,3669
 1992,123230.367,62.648,3669
 1993,123297.492,67.124,3669
 1994,123385.016,87.522,3669
 1995,123442.242,57.229,3669
 1996,123516.688,74.442,3669
 1997,123602.766,86.082,3669
 1998,123665.523,62.761,3669
 1999,123741.563,76.042,3669
 2000,123808.414,66.842,3669
 2001,123887.078,78.668,3669
 2002,123964.227,77.151,3669
 2003,124037.430,73.198,3669
 2004,124111.148,73.725,3669
 2005,124185.547,74.396,3669
 2006,124257.094,71.549,3669
 2007,124330.352,73.255,3669
 2008,124405.289,74.929,3669
 2009,124473.914,68.636,3669
 2010,124551.711,77.792,3669
 2011,124625.055,73.341,3669
 2012,124700.219,75.174,3669
 2013,124778.266,78.041,3669
 2014,124844.828,66.562,3669
 2015,124920.539,75.712,3669
 2016,125006.602,86.059,3669
 2017,125065.289,58.690,3669
 2018,125144.102,78.809,3669
 2019,125215.797,71.702,3669
 2020,125287.609,71.809,3669
 2021,125362.945,75.336,3669
 2022,125436.039,73.090,3669
 2023,125502.211,66.180,3669
 2024,125575.719,73.500,3669
 2025,125648.406,72.693,3669
 2026,125720.922,72.506,3669
 2027,125790.508,69.594,3669
 2028,125872.539,82.034,3669
 2029,125934.242,61.700,3669
 2030,126019.297,85.049,3669
 2031,126080.227,60.942,3669
 2032,126155.828,75.598,3669
 2033,126232.500,76.667,3669
 2034,126300.445,67.948,3669
 2035,126370.195,69.756,3669
 2036,126443.219,73.021,3669
 2037,126521.578,78.356,3669
 2038,126597.336,75.754,3669
 2039,126660.922,63.585,3669
 2040,126734.984,74.061,3669
 2041,126808.500,73.523,3669
 2042,126881.953,73.449,3669
 2043,126951.930,69.973,3669
 2044,127024.086,72.159,3669
 2045,127095.281,71.198,3669
 2046,127168.383,73.103,3669
 2047,127241.891,73.510,3669
 2048,127318.094,76.199,3669
 2049,127385.852,67.758,3669
 2050,127459.453,73.600,3669
 2051,127529.469,70.016,3669
 2052,127602.102,72.631,3669
 2053,127669.961,67.861,3669
 2054,127744.406,74.446,3669
 2055,127813.500,69.095,3669
 2056,127879.406,65.907,3669
 2057,127952.531,73.123,3669
 2058,128028.297,75.763,3669
 2059,128099.039,70.745,3669
 2060,128174.922,75.879,3669
 2061,128244.836,69.920,3669
 2062,128312.844,68.007,3669
 2063,128385.266,72.417,3669
 2064,128455.727,70.468,3669
 2065,128524.266,68.536,3669
 2066,128600.430,76.168,3669
 2067,128667.875,67.447,3669
 2068,128737.961,70.080,3669
 2069,128810.492,72.533,3669
 2070,128884.234,73.748,3669
 2071,128956.742,72.503,3669
 2072,129025.500,68.755,3669
 2073,129093.953,68.454,3669
 2074,129165.102,71.151,3669
 2075,129239.375,74.270,3669
 2076,129307.148,67.778,3669
 2077,129384.234,77.084,3669
 2078,129452.016,67.777,3669
 2079,129521.586,69.567,3669
 2080,129598.602,77.016,3669
 2081,129665.922,67.325,3669
 2082,129735.617,69.690,3669
 2083,129808.227,72.622,3669
 2084,129881.969,73.733,3669
 2085,129952.000,70.029,3669
 2086,130029.031,77.038,3669
 2087,130096.117,67.084,3669
 2088,130165.523,69.406,3669
 2089,130237.586,72.060,3669
 2090,130311.414,73.835,3669
 2091,130391.773,80.359,3669
 2092,130454.266,62.482,3669
 2093,130535.320,81.058,3669
 2094,130601.039,65.722,3669
 2095,130668.406,67.370,3669
 2096,130743.969,75.560,3669
 2097,130822.063,78.093,3669
 2098,130886.773,64.711,3669
 2099,130959.398,72.622,3669
 2100,131032.516,73.127,3669
 2101,131097.844,65.323,3669
 2102,131174.609,76.759,3669
 2103,131248.391,73.784,3669
 2104,131315.703,67.315,3669
 2105,131398.156,82.455,3669
 2106,131463.391,65.242,3669
 2107,131530.328,66.922,3669
 2108,131602.141,71.810,3669
 2109,131686.828,84.696,3669
 2110,131761.469,74.633,3669
 2111,131819.547,58.091,3669
 2112,131892.344,72.793,3669
 2113,131964.688,72.338,3669
 2114,132034.969,70.289,3669
 2115,132102.703,67.728,3669
 2116,132179.828,77.130,3669
 2117,132245.297,65.469,3669
 2118,132321.594,76.288,3669
 2119,132393.813,72.223,3669
 2120,132479.281,85.476,3669
 2121,132538.500,59.216,3669
 2122,132597.672,59.168,3669
 2123,132674.297,76.635,3669
 2124,132748.750,74.446,3669
 2125,132811.906,63.158,3669
 2126,132884.984,73.080,3669
 2127,132950.984,65.995,3669
 2128,133021.844,70.853,3669
 2129,133083.781,61.938,3669
 2130,133154.906,71.136,3669
 2131,133222.172,67.260,3669
 2132,133284.859,62.690,3669
 2133,133352.984,68.131,3669
 2134,133422.641,69.648,3669
 2135,133486.781,64.143,3669
 2136,133557.125,70.341,3669
 2137,133623.250,66.120,3669
 2138,133694.891,71.642,3637
 2139,133760.828,65.933,3639
 2140,133825.250,64.429,3639
 2141,133894.672,69.424,3641
 2142,133958.328,63.650,3641
 2143,134031.531,73.210,3640
 2144,134091.797,60.258,3639
 2145,134162.016,70.224,3638
 2146,134236.172,74.144,3639
 2147,134300.953,64.793,3639
 2148,134366.953,66.003,3640
 2149,134437.156,70.208,3639
 2150,134509.578,72.419,3639
 2151,134571.531,61.940,3639
 2152,134639.906,68.387,3639
 2153,134712.234,72.325,3640
 2154,134775.938,63.710,3640
 2155,134843.250,67.315,3640
 2156,134912.031,68.788,3640
 2157,134976.391,64.340,3639
 2158,135048.516,72.140,3640
 2159,135115.969,67.454,3639
 2160,135193.813,77.841,3638
 2161,135256.969,63.147,3639
 2162,135317.375,60.406,3639
 2163,135382.719,65.349,3639
 2164,135456.750,74.013,3640
 2165,135524.891,68.146,3639
 2166,135590.750,65.855,3639
 2167,135662.703,71.966,3639
 2168,135727.469,64.753,3639
 2169,135795.016,67.551,3640
 2170,135868.938,73.935,3639
 2171,135926.219,57.264,3640
 2172,135995.156,68.957,3639
 2173,136055.688,60.528,3639
 2174,136131.719,76.020,3640
 2175,136191.969,60.258,3639
 2176,136262.016,70.053,3639
 2177,136327.766,65.742,3640
 2178,136394.844,67.072,3639
 2179,136454.328,59.491,3640
 2180,136525.938,71.619,3639
 2181,136588.703,62.768,3639
 2182,136656.188,67.470,3640
 2183,136718.953,62.772,3640
 2184,136788.156,69.190,3640
 2185,136856.641,68.506,3640
 2186,136920.016,63.366,3640
 2187,136983.250,63.237,3640
 2188,137052.188,68.920,3640
 2189,137115.406,63.222,3639
 2190,137178.859,63.465,3639
 2191,137248.234,69.368,3638
 2192,137314.406,66.180,3640
 2193,137371.922,57.517,3639
 2194,137441.766,69.832,3639
 2195,137506.031,64.275,3640
 2196,137568.297,62.263,3639
 2197,137641.453,73.150,3640
 2198,137701.891,60.449,3640
 2199,137768.859,66.964,3640
 2200,137827.000,58.131,3640
 2201,137898.203,71.211,3639
 2202,137966.813,68.611,3640
 2203,138029.984,63.169,3640
 2204,138100.078,70.089,3640
 2205,138162.234,62.159,3639
 2206,138231.609,69.372,3639
 2207,138294.047,62.456,3639
 2208,138359.094,65.038,3639
 2209,138417.844,58.755,3640
 2210,138486.422,68.576,3640
 2211,138549.141,62.721,3639
 2212,138617.203,68.061,3639
 2213,138679.297,62.100,3639
 2214,138743.781,64.470,3639
 2215,138807.438,63.657,3640
 2216,138877.969,70.539,3640
 2217,138935.938,57.968,3640
 2218,139005.016,69.077,3640
 2219,139064.891,59.859,3639
 2220,139137.125,72.239,3639
 2221,139201.641,64.521,3639
 2222,139267.859,66.223,3639
 2223,139328.094,60.230,3639
 2224,139400.203,72.098,3639
 2225,139462.672,62.495,3639
 2226,139525.672,62.986,3640
 2227,139596.188,70.518,3640
 2228,139654.469,58.276,3640
 2229,139723.781,69.316,3639
 2230,139785.906,62.128,3638
 2231,139857.844,71.930,3639
 2232,139923.938,66.107,3640
 2233,139989.547,65.594,3640
 2234,140059.859,70.328,3640
 2235,140138.984,79.106,3639
 2236,140208.078,69.104,3639
 2237,140279.344,71.271,3639
 2238,140349.047,69.691,3641
 2239,140414.984,65.946,3641
 2240,140489.344,74.369,3641
 2241,140559.406,70.036,3639
 2242,140636.406,77.019,3638
 2243,140699.500,63.092,3640
 2244,140773.016,73.512,3640
 2245,140841.563,68.545,3640
 2246,140911.891,70.331,3640
 2247,140988.750,76.859,3638
 2248,141060.469,71.722,3640
 2249,141133.563,73.094,3640
 2250,141212.813,79.247,3640
 2251,141284.125,71.308,3640
 2252,141357.078,72.955,3638
 2253,141424.344,67.267,3639
 2254,141501.141,76.805,3643
 2255,141568.484,67.334,3643
 2256,141633.672,65.196,3643
 2257,141699.781,66.110,3641
 2258,141770.453,70.672,3637
 2259,141837.516,67.056,3638
 2260,141898.156,60.634,3639
 2261,141962.844,64.687,3640
 2262,142032.438,69.602,3640
 2263,142096.422,63.989,3639
 2264,142164.641,68.227,3638
 2265,142232.516,67.859,3639
 2266,142292.703,60.204,3639
 2267,142361.453,68.734,3640
 2268,142430.313,68.866,3640
 2269,142486.922,56.603,3639
 2270,142556.297,69.380,3639
 2271,142622.891,66.591,3639
 2272,142689.719,66.827,3639
 2273,142754.688,64.973,3640
 2274,142819.406,64.713,3640
 2275,142891.766,72.358,3640
 2276,142957.813,66.051,3639
 2277,143023.141,65.335,3639
 2278,143086.297,63.151,3640
 2279,143149.688,63.390,3640
 2280,143214.484,64.791,3641
 2281,143275.563,61.070,3641
 2282,143343.422,67.869,3640
 2283,143404.969,61.542,3643
 2284,143463.984,59.034,3641
 2285,143528.563,64.567,3641
 2286,143594.563,66.007,3641
 2287,143658.281,63.712,3637
 2288,143726.484,68.203,3671
 2289,143783.328,56.855,3671
 2290,143855.156,71.821,3671
 2291,143915.391,60.218,3671
 2292,143982.375,66.994,3669
 2293,144048.438,66.069,3669
 2294,144114.906,66.461,3669
 2295,144174.438,59.534,3669
 2296,144249.563,75.118,3669
 2297,144317.766,68.209,3669
 2298,144386.797,69.023,3669
 2299,144454.531,67.756,3669
 2300,144522.438,67.890,3669
 2301,144597.547,75.111,3669
 2302,144663.563,66.012,3669
 2303,144735.828,72.273,3669
 2304,144807.828,71.996,3669
 2305,144877.828,70.009,3669
 2306,144942.875,65.040,3669
 2307,145021.172,78.294,3669
 2308,145090.313,69.145,3669
 2309,145160.750,70.438,3669
 2310,145228.766,68.010,3669
 2311,145302.984,74.216,3669
 2312,145373.391,70.408,3669
 2313,145445.031,71.649,3669
 2314,145516.078,71.031,3669
 2315,145584.797,68.726,3669
 2316,145653.344,68.556,3669
 2317,145723.984,70.643,3669
 2318,145801.672,77.678,3669
 2319,145873.969,72.301,3669
 2320,145941.156,67.194,3669
 2321,146009.828,68.666,3669
 2322,146086.438,76.614,3669
 2323,146156.688,70.259,3669
 2324,146231.844,75.139,3669
 2325,146295.406,63.560,3669
 2326,146374.563,79.174,3669
 2327,146443.766,69.191,3669
 2328,146514.938,71.167,3669
 2329,146581.563,66.626,3669
 2330,146658.594,77.038,3669
 2331,146730.141,71.540,3669
 2332,146796.750,66.614,3669
 2333,146877.641,80.889,3669
 2334,146947.359,69.719,3669
 2335,147016.031,68.674,3669
 2336,147085.328,69.300,3669
 2337,147163.359,78.033,3669
 2338,147227.641,64.274,3669
 2339,147303.609,75.971,3669
 2340,147373.969,70.368,3669
 2341,147440.828,66.840,3669
 2342,147516.859,76.033,3669
 2343,147588.563,71.710,3669
 2344,147661.516,72.957,3669
 2345,147737.125,75.604,3669
 2346,147809.078,71.957,3669
 2347,147886.094,77.013,3669
 2348,147953.953,67.869,3669
 2349,148027.828,73.869,3669
 2350,148100.328,72.493,3669
 2351,148175.891,75.568,3669
 2352,148245.203,69.319,3669
 2353,148316.000,70.793,3669
 2354,148394.984,78.982,3669
 2355,148466.109,71.117,3669
 2356,148546.078,79.963,3669
 2357,148621.984,75.930,3669
 2358,148706.375,84.376,3669
 2359,148785.313,78.943,3669
 2360,148864.766,79.438,3669
 2361,148940.063,75.306,3669
 2362,149023.328,83.268,3669
 2363,149099.406,76.066,3669
 2364,149180.984,81.597,3669
 2365,149257.500,76.500,3669
 2366,149338.281,80.790,3669
 2367,149414.281,75.992,3669
 2368,149490.094,75.811,3669
 2369,149573.688,83.600,3669
 2370,149649.703,76.014,3669
 2371,149734.406,84.703,3669
 2372,149813.234,78.840,3669
 2373,149888.234,74.990,3669
 2374,149965.094,76.863,3669
 2375,150043.031,77.942,3669
 2376,150120.438,77.404,3669
 2377,150194.219,73.774,3669
 2378,150264.813,70.586,3669
 2379,150338.188,73.383,3669
 2380,150410.828,72.645,3669
 2381,150486.531,75.700,3669
 2382,150545.547,59.018,3669
 2383,150621.266,75.721,3669
 2384,150693.516,72.245,3669
 2385,150762.766,69.253,3669
 2386,150837.844,75.084,3669
 2387,150909.406,71.554,3669
 2388,150978.344,68.944,3669
 2389,151054.047,75.695,3669
 2390,151118.328,64.292,3669
 2391,151188.844,70.500,3669
 2392,151257.219,68.395,3669
 2393,151331.969,74.746,3669
 2394,151404.906,72.923,3669
 2395,151473.313,68.429,3669
 2396,151546.078,72.742,3669
 2397,151617.203,71.143,3669
 2398,151688.141,70.928,3669
 2399,151754.922,66.781,3669
 2400,151828.609,73.703,3669
 2401,151896.391,67.760,3669
 2402,151969.828,73.445,3669
 2403,152035.938,66.118,3669
 2404,152108.734,72.780,3669
 2405,152181.547,72.818,3669
 2406,152254.281,72.742,3669
 2407,152325.422,71.126,3669
 2408,152394.766,69.354,3669
 2409,152460.094,65.326,3669
 2410,152532.844,72.755,3669
 2411,152601.750,68.906,3669
 2412,152675.828,74.085,3669
 2413,152744.516,68.677,3669
 2414,152813.688,69.171,3669
 2415,152879.391,65.697,3669
 2416,152952.656,73.280,3669
 2417,153020.750,68.087,3669
 2418,153092.734,71.980,3669
 2419,153165.281,72.557,3669
 2420,153232.594,67.313,3669
 2421,153302.797,70.187,3669
 2422,153375.281,72.493,3669
 2423,153443.438,68.151,3669
 2424,153518.391,74.965,3669
 2425,153589.250,70.859,3669
 2426,153660.203,70.944,3669
 2427,153734.813,74.604,3669
 2428,153809.344,74.547,3669
 2429,153878.016,68.671,3669
 2430,153952.250,74.222,3669
 2431,154024.969,72.725,3669
 2432,154095.703,70.729,3669
 2433,154174.938,79.237,3669
 2434,154246.859,71.926,3669
 2435,154316.344,69.480,3669
 2436,154388.375,72.030,3669
 2437,154459.797,71.423,3669
 2438,154536.938,77.148,3669
 2439,154606.422,69.481,3669
 2440,154679.297,72.887,3669
 2441,154748.891,69.579,3669
 2442,154817.375,68.476,3669
 2443,154895.734,78.370,3669
 2444,154963.266,67.532,3669
 2445,155038.344,75.070,3669
 2446,155114.141,75.805,3669
 2447,155186.469,72.330,3669
 2448,155285.125,98.663,3669
 2449,155337.313,52.193,3669
 2450,155410.125,72.799,3669
 2451,155480.531,70.404,3669
 2452,155554.859,74.329,3669
 2453,155627.625,72.763,3669
 2454,155703.453,75.823,3669
 2455,155772.891,69.445,3669
 2456,155835.563,62.663,3669
 2457,155900.938,65.383,3669
 2458,155969.172,68.243,3669
 2459,156030.859,61.671,3669
 2460,156098.063,67.199,3669
 2461,156162.125,64.078,3669
 2462,156225.203,63.087,3669
 2463,156282.547,57.341,3669
 2464,156348.922,66.369,3637
 2465,156411.531,62.610,3639
 2466,156472.484,60.956,3640
 2467,156536.813,64.325,3640
 2468,156598.297,61.475,3640
 2469,156672.391,74.109,3638
 2470,156743.781,71.382,3639
 2471,156795.766,51.986,3639
 2472,156844.625,48.860,3640
 2473,156911.000,66.375,3641
 2474,156976.953,65.942,3639
 2475,157053.031,76.083,3639
 2476,157121.828,68.809,3640
 2477,157188.797,66.953,3641
 2478,157256.984,68.191,3641
 2479,157326.594,69.620,3640
 2480,157396.813,70.215,3639
 2481,157463.531,66.707,3638
 2482,157541.000,77.472,3642
 2483,157608.188,67.188,3642
 2484,157672.141,63.957,3642
 2485,157733.734,61.596,3641
 2486,157811.500,77.763,3637
 2487,157875.063,63.563,3639
 2488,157945.609,70.538,3640
 2489,158007.438,61.831,3640
 2490,158076.828,69.389,3640
 2491,158146.219,69.396,3638
 2492,158215.656,69.439,3638
 2493,158280.734,65.067,3640
 2494,158348.297,67.568,3640
 2495,158421.250,72.972,3640
 2496,158482.219,60.947,3639
 2497,158552.828,70.615,3638
 2498,158627.844,75.020,3639
 2499,158688.563,60.721,3639
 2500,158755.672,67.111,3640
 2501,158826.078,70.400,3639
 2502,158893.922,67.848,3639
 2503,158965.266,71.347,3639
 2504,159038.250,72.971,3639
 2505,159104.813,66.562,3640
 2506,159170.109,65.306,3640
 2507,159239.500,69.383,3639
 2508,159311.016,71.516,3638
 2509,159382.594,71.588,3642
 2510,159443.172,60.575,3642
 2511,159523.281,80.109,3642
 2512,159587.234,63.964,3642
 2513,159658.750,71.498,3637
 2514,159728.344,69.603,3639
 2515,159792.094,63.738,3639
 2516,159860.094,68.009,3641
 2517,159929.688,69.595,3641
 2518,159998.313,68.616,3639
 2519,160065.859,67.561,3639
 2520,160135.219,69.366,3639
 2521,160204.828,69.593,3640
 2522,160275.391,70.560,3640
 2523,160344.047,68.659,3639
 2524,160407.391,63.342,3639
 2525,160475.172,67.786,3639
 2526,160540.906,65.727,3639
 2527,160611.813,70.914,3640
 2528,160683.078,71.263,3640
 2529,160744.625,61.556,3639
 2530,160818.063,73.429,3639
 2531,160884.922,66.853,3639
 2532,160950.031,65.104,3639
 2533,161024.844,74.829,3639
 2534,161087.047,62.202,3638
 2535,161157.063,70.019,3638
 2536,161227.547,70.480,3637
 2537,161289.734,62.191,3637
 2538,161363.563,73.814,3637
 2539,161428.719,65.159,3637
 2540,161494.000,65.290,3637
 2541,161569.906,75.913,3637
 2542,161635.063,65.156,3637
 2543,161705.188,70.130,3637
 