Frame, Time (ms), Delta (ms) , Memory (mb)
    1, 0.000, 0.000,2932
    2,65.929,65.929,3905
    3,126.191,60.262,3905
    4,196.807,70.616,3905
    5,257.191,60.384,3905
    6,328.276,71.085,3905
    7,393.946,65.670,3905
    8,463.149,69.203,3905
    9,523.907,60.758,3905
   10,593.307,69.400,3905
   11,660.442,67.135,3905
   12,725.767,65.325,3905
   13,792.418,66.651,3905
   14,863.832,71.414,3905
   15,942.213,78.381,3905
   16,1002.958,60.745,3905
   17,1066.976,64.018,3905
   18,1131.248,64.272,3905
   19,1193.656,62.408,3905
   20,1263.179,69.523,3905
   21,1326.766,63.587,3904
   22,1397.427,70.661,3904
   23,1464.384,66.957,3904
   24,1530.962,66.578,3904
   25,1592.483,61.521,3904
   26,1663.768,71.285,3904
   27,1728.141,64.373,3904
   28,1795.357,67.216,3904
   29,1856.396,61.039,3904
   30,1924.048,67.652,3904
   31,1988.564,64.516,3904
   32,2058.695,70.131,3904
   33,2128.859,70.164,3904
   34,2189.545,60.686,3904
   35,2254.677,65.132,3906
   36,2321.716,67.039,3906
   37,2385.258,63.542,3906
   38,2453.556,68.298,3906
   39,2515.430,61.874,3906
   40,2582.113,66.683,3906
   41,2646.478,64.365,3906
   42,2716.417,69.939,3906
   43,2777.343,60.926,3906
   44,2843.858,66.515,3906
   45,2910.779,66.921,3906
   46,2978.796,68.017,3906
   47,3043.894,65.098,3906
   48,3108.521,64.627,3906
   49,3172.020,63.499,3906
   50,3241.768,69.748,3906
   51,3310.195,68.427,3906
   52,3380.395,70.200,3906
   53,3447.608,67.213,3904
   54,3514.855,67.247,3904
   55,3580.475,65.620,3904
   56,3647.162,66.687,3904
   57,3714.351,67.189,3904
   58,3782.733,68.382,3904
   59,3848.423,65.690,3904
   60,3916.603,68.180,3904
   61,3983.421,66.818,3904
   62,4052.479,69.058,3904
   63,4116.703,64.224,3904
   64,4184.339,67.636,3904
   65,4250.389,66.050,3904
   66,4319.028,68.639,3904
   67,4384.091,65.063,3904
   68,4451.612,67.521,3904
   69,4516.617,65.005,3904
   70,4584.927,68.310,3904
   71,4652.065,67.138,3904
   72,4720.151,68.086,3904
   73,4783.583,63.432,3904
   74,4849.479,65.896,3904
   75,4915.646,66.167,3904
   76,4981.265,65.619,3904
   77,5045.836,64.571,3904
   78,5111.422,65.586,3904
   79,5179.490,68.068,3904
   80,5243.516,64.026,3904
   81,5309.507,65.991,3904
   82,5377.811,68.304,3904
   83,5441.438,63.627,3904
   84,5509.295,67.857,3904
   85,5572.629,63.334,3904
   86,5641.198,68.569,3904
   87,5702.419,61.221,3904
   88,5771.346,68.927,3904
   89,5831.871,60.525,3904
   90,5897.959,66.088,3904
   91,5962.125,64.165,3904
   92,6029.189,67.065,3904
   93,6092.355,63.166,3904
   94,6158.078,65.723,3904
   95,6222.991,64.913,3904
   96,6291.563,68.571,3904
   97,6352.737,61.175,3904
   98,6419.654,66.917,3904
   99,6484.633,64.979,3904
  100,6552.179,67.546,3904
  101,6614.271,62.091,3904
  102,6681.109,66.839,3904
  103,6743.188,62.079,3904
  104,6809.990,66.802,3904
  105,6873.584,63.594,3904
  106,6941.918,68.334,3904
  107,7005.068,63.150,3904
  108,7069.575,64.507,3904
  109,7134.230,64.655,3904
  110,7202.813,68.582,3904
  111,7265.269,62.456,3904
  112,7333.389,68.121,3904
  113,7394.831,61.441,3904
  114,7461.757,66.927,3904
  115,7526.021,64.264,3904
  116,7592.325,66.304,3904
  117,7657.096,64.771,3904
  118,7723.345,66.249,3904
  119,7785.367,62.022,3904
  120,7853.236,67.869,3904
  121,7916.875,63.639,3904
  122,7984.314,67.439,3904
  123,8046.299,61.985,3904
  124,8117.708,71.409,3904
  125,8180.632,62.924,3904
  126,8249.277,68.645,3904
  127,8309.524,60.247,3904
  128,8378.197,68.673,3904
  129,8445.571,67.374,3904
  130,8511.229,65.658,3904
  131,8574.498,63.269,3904
  132,8644.052,69.553,3904
  133,8706.474,62.422,3904
  134,8774.090,67.616,3904
  135,8835.616,61.527,3904
  136,8901.512,65.895,3904
  137,8966.578,65.067,3904
  138,9032.992,66.414,3904
  139,9094.187,61.194,3904
  140,9172.359,78.173,3904
  141,9237.107,64.748,3904
  142,9296.104,58.997,3904
  143,9358.779,62.675,3904
  144,9424.929,66.149,3904
  145,9493.623,68.695,3904
  146,9562.952,69.329,3904
  147,9626.338,63.385,3906
  148,9694.368,68.031,3906
  149,9759.806,65.437,3906
  150,9823.912,64.107,3906
  151,9888.655,64.743,3906
  152,9957.060,68.404,3906
  153,10022.789,65.730,3906
  154,10098.884,76.094,3906
  155,10159.257,60.373,3906
  156,10219.675,60.418,3906
  157,10285.885,66.210,3908
  158,10362.336,76.451,3910
  159,10428.269,65.933,3910
  160,10503.473,75.204,3908
  161,10568.403,64.931,3908
  162,10638.025,69.622,3908
  163,10705.271,67.246,3910
  164,10776.131,70.859,3910
  165,10840.484,64.354,3910
  166,10908.015,67.530,3910
  167,10973.321,65.307,3910
  168,11043.147,69.826,3910
  169,11109.180,66.032,3910
  170,11177.071,67.892,3910
  171,11238.979,61.908,3910
  172,11311.291,72.311,3910
  173,11376.352,65.061,3910
  174,11444.760,68.408,3910
  175,11508.218,63.458,3910
  176,11580.312,72.094,3910
  177,11642.843,62.531,3910
  178,11714.449,71.607,3910
  179,11779.420,64.970,3910
  180,11847.150,67.731,3910
  181,11916.421,69.270,3910
  182,11982.016,65.595,3910
  183,12048.995,66.980,3910
  184,12116.541,67.545,3910
  185,12182.792,66.251,3910
  186,12255.867,73.076,3910
  187,12321.348,65.480,3910
  188,12390.668,69.320,3910
  189,12457.059,66.391,3910
  190,12527.530,70.472,3912
  191,12590.667,63.136,3912
  192,12662.521,71.854,3912
  193,12731.336,68.815,3912
  194,12804.084,72.748,3912
  195,12868.799,64.715,3912
  196,12941.669,72.870,3912
  197,13005.874,64.205,3912
  198,13077.836,71.962,3912
  199,13143.436,65.600,3912
  200,13211.988,68.553,3912
  201,13281.413,69.424,3944
  202,13358.876,77.463,3944
  203,13421.594,62.718,3944
  204,13487.373,65.779,3944
  205,13556.209,68.836,3944
  206,13634.633,78.424,3944
  207,13701.816,67.184,3944
  208,13770.946,69.130,3944
  209,13838.460,67.513,3944
  210,13906.956,68.496,3944
  211,13977.313,70.357,3944
  212,14050.817,73.505,3944
  213,14118.256,67.438,3944
  214,14184.889,66.633,3944
  215,14257.249,72.360,3944
  216,14327.414,70.165,3944
  217,14393.763,66.349,3944
  218,14467.127,73.364,3912
  219,14532.414,65.287,3912
  220,14603.919,71.505,3912
  221,14669.932,66.013,3912
  222,14741.813,71.882,3912
  223,14812.015,70.201,3912
  224,14884.796,72.781,3912
  225,14949.466,64.670,3912
  226,15022.258,72.792,3912
  227,15088.444,66.187,3912
  228,15161.002,72.557,3912
  229,15225.868,64.866,3912
  230,15300.446,74.579,3912
  231,15365.999,65.552,3912
  232,15437.492,71.493,3912
  233,15502.051,64.559,3912
  234,15572.833,70.782,3912
  235,15642.012,69.179,3912
  236,15714.642,72.630,3912
  237,15778.955,64.313,3912
  238,15853.100,74.145,3912
  239,15915.812,62.712,3912
  240,15991.092,75.280,3912
  241,16055.823,64.731,3912
  242,16125.967,70.144,3912
  243,16195.105,69.139,3912
  244,16265.963,70.857,3912
  245,16333.186,67.223,3912
  246,16403.275,70.089,3912
  247,16467.980,64.706,3912
  248,16536.113,68.133,3912
  249,16603.326,67.212,3912
  250,16676.576,73.251,3912
  251,16744.508,67.931,3912
  252,16809.561,65.053,3910
  253,16878.541,68.981,3910
  254,16948.305,69.763,3910
  255,17009.221,60.916,3910
  256,17083.980,74.759,3910
  257,17149.910,65.931,3910
  258,17221.377,71.467,3910
  259,17291.270,69.890,3910
  260,17358.594,67.326,3910
  261,17423.613,65.019,3910
  262,17491.045,67.431,3910
  263,17557.688,66.643,3910
  264,17628.057,70.370,3910
  265,17687.775,59.718,3910
  266,17762.168,74.395,3910
  267,17822.672,60.503,3910
  268,17896.496,73.823,3910
  269,17959.785,63.289,3910
  270,18024.617,64.833,3910
  271,18092.303,67.685,3910
  272,18162.131,69.828,3910
  273,18227.475,65.344,3910
  274,18295.682,68.205,3910
  275,18359.619,63.939,3910
  276,18431.205,71.585,3910
  277,18493.877,62.673,3910
  278,18564.656,70.781,3910
  279,18628.568,63.910,3910
  280,18698.865,70.296,3910
  281,18759.957,61.094,3910
  282,18830.373,70.416,3910
  283,18893.496,63.123,3910
  284,18963.139,69.642,3910
  285,19024.502,61.364,3942
  286,19093.074,68.572,3942
  287,19156.465,63.390,3938
  288,19225.293,68.828,3938
  289,19287.193,61.901,3938
  290,19354.533,67.339,3938
  291,19418.250,63.718,3938
  292,19485.844,67.592,3938
  293,19548.014,62.171,3938
  294,19611.725,63.710,3938
  295,19679.047,67.323,3938
  296,19743.043,63.996,3938
  297,19808.090,65.047,3938
  298,19873.164,65.076,3938
  299,19937.736,64.571,3938
  300,20004.641,66.904,3938
  301,20066.430,61.787,3938
  302,20136.674,70.245,3938
  303,20198.170,61.497,3938
  304,20264.264,66.093,3938
  305,20324.189,59.927,3906
  306,20393.762,69.571,3906
  307,20458.598,64.837,3906
  308,20524.717,66.119,3906
  309,20588.813,64.096,3906
  310,20651.254,62.440,3906
  311,20714.094,62.839,3906
  312,20786.926,72.834,3906
  313,20846.297,59.372,3906
  314,20914.297,67.998,3906
  315,20975.342,61.044,3906
  316,21042.734,67.395,3906
  317,21104.766,62.030,3906
  318,21171.363,66.598,3906
  319,21234.473,63.110,3906
  320,21300.922,66.447,3906
  321,21362.820,61.901,3906
  322,21431.441,68.621,3906
  323,21494.674,63.230,3906
  324,21564.645,69.972,3906
  325,21624.145,59.500,3906
  326,21691.160,67.018,3906
  327,21755.320,64.158,3906
  328,21821.805,66.484,3906
  329,21884.701,62.898,3906
  330,21952.436,67.733,3906
  331,22019.926,67.491,3906
  332,22090.211,70.285,3906
  333,22152.824,62.615,3906
  334,22221.842,69.014,3906
  335,22286.408,64.570,3906
  336,22354.973,68.563,3906
  337,22421.014,66.039,3906
  338,22488.354,67.341,3906
  339,22553.002,64.649,3906
  340,22623.271,70.269,3906
  341,22688.568,65.299,3906
  342,22757.670,69.099,3906
  343,22821.488,63.821,3906
  344,22894.900,73.412,3906
  345,22957.674,62.771,3906
  346,23028.938,71.265,3906
  347,23098.318,69.381,3906
  348,23160.369,62.050,3906
  349,23224.469,64.100,3906
  350,23289.885,65.417,3906
  351,23357.889,68.002,3906
  352,23426.018,68.130,3906
  353,23488.201,62.184,3904
  354,23554.973,66.771,3904
  355,23623.346,68.371,3904
  356,23690.988,67.646,3906
  357,23754.674,63.683,3906
  358,23824.320,69.647,3906
  359,23886.109,61.789,3906
  360,23951.525,65.416,3906
  361,24018.982,67.458,3906
  362,24086.350,67.365,3906
  363,24149.230,62.883,3906
  364,24215.889,66.657,3906
  365,24277.188,61.299,3906
  366,24346.688,69.500,3906
  367,24415.273,68.586,3906
  368,24477.645,62.371,3906
  369,24544.662,67.018,3908
  370,24611.686,67.024,3908
  371,24672.922,61.235,3908
  372,24746.313,73.392,3908
  373,24808.854,62.539,3908
  374,24875.863,67.011,3908
  375,24937.715,61.852,3908
  376,25005.961,68.245,3908
  377,25068.396,62.437,3908
  378,25137.389,68.991,3908
  379,25201.965,64.577,3908
  380,25270.191,68.226,3908
  381,25332.293,62.101,3908
  382,25400.416,68.123,3908
  383,25464.246,63.829,3908
  384,25531.318,67.075,3908
  385,25595.201,63.881,3908
  386,25663.242,68.042,3908
  387,25723.697,60.454,3908
  388,25791.221,67.525,3908
  389,25855.350,64.129,3908
  390,25923.881,68.531,3908
  391,25987.178,63.295,3908
  392,26052.898,65.723,3908
  393,26115.965,63.067,3908
  394,26185.357,69.392,3908
  395,26250.934,65.575,3908
  396,26319.205,68.271,3908
  397,26383.709,64.506,3908
  398,26451.738,68.029,3908
  399,26515.785,64.046,3908
  400,26584.998,69.211,3908
  401,26648.662,63.664,3908
  402,26715.557,66.898,3908
  403,26782.174,66.615,3908
  404,26853.549,71.376,3908
  405,26914.875,61.326,3908
  406,26982.250,67.375,3908
  407,27044.047,61.797,3908
  408,27116.406,72.357,3908
  409,27180.770,64.366,3908
  410,27245.184,64.413,3908
  411,27311.732,66.549,3908
  412,27378.984,67.252,3908
  413,27440.750,61.765,3908
  414,27511.779,71.030,3908
  415,27575.668,63.888,3908
  416,27641.201,65.533,3908
  417,27704.318,63.119,3908
  418,27772.377,68.057,3908
  419,27836.793,64.416,3908
  420,27903.865,67.073,3908
  421,27967.189,63.325,3908
  422,28036.908,69.717,3908
  423,28101.904,64.996,3908
  424,28170.682,68.777,3908
  425,28232.525,61.846,3908
  426,28303.141,70.614,3908
  427,28366.744,63.603,3908
  428,28439.514,72.770,3908
  429,28499.262,59.749,3908
  430,28567.461,68.199,3908
  431,28631.781,64.321,3908
  432,28702.244,70.461,3908
  433,28768.271,66.028,3908
  434,28833.986,65.713,3908
  435,28898.061,64.078,3908
  436,28958.994,60.930,3908
  437,29030.195,71.203,3908
  438,29097.994,67.799,3908
  439,29160.510,62.516,3908
  440,29225.641,65.131,3908
  441,29288.443,62.802,3908
  442,29351.016,62.572,3908
  443,29418.049,67.034,3908
  444,29483.018,64.967,3908
  445,29552.865,69.848,3908
  446,29622.242,69.378,3908
  447,29695.805,73.563,3908
  448,29770.994,75.187,3908
  449,29836.674,65.680,3908
  450,29910.322,73.648,3908
  451,29982.889,72.569,3908
  452,30052.662,69.773,3908
  453,30119.834,67.171,3908
  454,30195.701,75.868,3908
  455,30266.182,70.481,3908
  456,30340.553,74.370,3908
  457,30409.102,68.548,3908
  458,30482.873,73.773,3908
  459,30551.533,68.661,3908
  460,30624.396,72.862,3908
  461,30695.229,70.832,3908
  462,30761.729,66.500,3908
  463,30838.332,76.603,3908
  464,30905.338,67.007,3908
  465,30979.457,74.120,3908
  466,31053.807,74.349,3908
  467,31114.785,60.978,3908
  468,31187.008,72.222,3908
  469,31248.857,61.849,3908
  470,31313.521,64.665,3908
  471,31382.314,68.793,3908
  472,31446.025,63.712,3908
  473,31511.184,65.157,3908
  474,31579.373,68.189,3908
  475,31651.854,72.482,3908
  476,31713.438,61.583,3908
  477,31779.852,66.414,3908
  478,31845.689,65.839,3908
  479,31906.412,60.721,3908
  480,31977.861,71.450,3908
  481,32041.070,63.208,3908
  482,32106.449,65.380,3908
  483,32179.193,72.743,3908
  484,32243.508,64.315,3908
  485,32308.381,64.874,3908
  486,32372.707,64.326,3908
  487,32441.117,68.409,3908
  488,32505.760,64.643,3908
  489,32573.709,67.949,3908
  490,32645.057,71.348,3908
  491,32704.646,59.590,3908
  492,32773.820,69.175,3908
  493,32840.781,66.958,3908
  494,32912.816,72.038,3908
  495,32978.813,65.994,3908
  496,33045.066,66.255,3908
  497,33106.520,61.453,3908
  498,33178.641,72.122,3908
  499,33245.387,66.743,3908
  500,33316.336,70.951,3908
  501,33380.895,64.560,3908
  502,33448.883,67.985,3908
  503,33510.008,61.130,3908
  504,33581.633,71.625,3908
  505,33646.094,64.459,3908
  506,33720.512,74.419,3908
  507,33787.453,66.941,3908
  508,33854.348,66.896,3908
  509,33915.555,61.203,3908
  510,33988.344,72.791,3908
  511,34056.395,68.050,3908
  512,34129.074,72.681,3908
  513,34185.895,56.819,3908
  514,34256.410,70.513,3908
  515,34323.973,67.565,3908
  516,34395.664,71.691,3908
  517,34457.941,62.277,3908
  518,34530.926,72.986,3908
  519,34590.219,59.293,3908
  520,34665.672,75.455,3908
  521,34724.230,58.556,3908
  522,34802.148,77.919,3908
  523,34861.723,59.572,3908
  524,34932.664,70.945,3908
  525,35001.809,69.144,3908
  526,35072.324,70.514,3908
  527,35137.234,64.911,3908
  528,35206.883,69.644,3908
  529,35267.684,60.804,3908
  530,35339.816,72.135,3908
  531,35404.801,64.983,3908
  532,35473.633,68.831,3908
  533,35544.656,71.027,3908
  534,35614.586,69.924,3908
  535,35681.770,67.185,3908
  536,35748.887,67.117,3908
  537,35813.645,64.760,3908
  538,35887.488,73.842,3908
  539,35952.727,65.238,3908
  540,36016.410,63.682,3908
  541,36083.598,67.190,3908
  542,36160.766,77.168,3908
  543,36220.098,59.334,3908
  544,36295.730,75.628,3908
  545,36358.809,63.080,3908
  546,36429.883,71.075,3908
  547,36495.348,65.462,3908
  548,36566.664,71.322,3908
  549,36633.102,66.435,3908
  550,36698.738,65.638,3908
  551,36767.035,68.295,3908
  552,36839.723,72.686,3908
  553,36906.184,66.461,3908
  554,36979.336,73.154,3908
  555,37049.957,70.623,3908
  556,37114.441,64.485,3908
  557,37186.375,71.930,3908
  558,37253.809,67.437,3908
  559,37322.609,68.798,3908
  560,37399.320,76.711,3908
  561,37458.320,59.003,3908
  562,37530.887,72.562,3908
  563,37604.805,73.922,3908
  564,37672.629,67.824,3908
  565,37743.559,70.927,3908
  566,37820.660,77.103,3908
  567,37882.172,61.513,3908
  568,37959.664,77.490,3908
  569,38022.223,62.557,3908
  570,38097.125,74.904,3908
  571,38165.352,68.224,3908
  572,38243.844,78.495,3908
  573,38315.336,71.493,3906
  574,38388.887,73.548,3906
  575,38454.887,66.001,3906
  576,38524.926,70.039,3906
  577,38593.355,68.430,3906
  578,38669.070,75.716,3906
  579,38737.664,68.595,3906
  580,38811.316,73.652,3906
  581,38877.348,66.028,3906
  582,38956.516,79.168,3906
  583,39020.035,63.520,3906
  584,39095.227,75.190,3906
  585,39168.984,73.761,3906
  586,39242.809,73.826,3906
  587,39313.930,71.121,3906
  588,39386.539,72.606,3906
  589,39452.145,65.609,3906
  590,39531.938,79.792,3906
  591,39609.289,77.352,3906
  592,39687.641,78.352,3906
  593,39755.711,68.066,3906
  594,39830.871,75.162,3906
  595,39896.824,65.957,3906
  596,39972.641,75.816,3906
  597,40042.859,70.215,3906
  598,40114.789,71.932,3906
  599,40180.355,65.565,3906
  600,40254.156,73.801,3906
  601,40325.539,71.382,3906
  602,40396.074,70.537,3906
  603,40461.809,65.734,3906
  604,40537.145,75.338,3906
  605,40612.258,75.108,3906
  606,40678.840,66.583,3906
  607,40749.500,70.662,3906
  608,40825.273,75.772,3906
  609,40889.223,63.950,3906
  610,40968.051,78.826,3906
  611,41034.652,66.604,3906
  612,41109.324,74.673,3906
  613,41161.055,51.727,3938
  614,41212.559,51.504,3938
  615,41291.496,78.942,3938
  616,41335.828,44.331,3938
  617,41388.512,52.680,3938
  618,41458.059,69.549,3938
  619,41511.215,53.155,3938
  620,41565.223,54.008,3938
  621,41620.008,54.785,3938
  622,41675.012,55.001,3938
  623,41726.809,51.802,3938
  624,41794.305,67.496,3938
  625,41844.207,49.901,3938
  626,41898.098,53.893,3934
  627,41953.660,55.561,3936
  628,42005.219,51.557,3938
  629,42060.730,55.513,3935
  630,42200.320,139.589,3925
  631,42222.574,22.255,3922
  632,42239.570,16.997,3922
  633,42283.047,43.474,3914
  634,42335.961,52.917,3905
  635,42387.566,51.603,3905
  636,42439.016,51.448,3902
  637,42499.305,60.292,3902
  638,42547.680,48.371,3898
  639,42603.289,55.613,3888
  640,42661.340,58.050,3888
  641,42713.770,52.430,3888
  642,42767.996,54.228,3887
  643,42820.582,52.583,3887
  644,42874.188,53.603,3887
  645,42929.035,54.852,3875
  646,42986.578,57.540,3873
  647,43042.234,55.658,3873
  648,43094.250,52.015,3873
  649,43150.195,55.945,3873
  650,43206.508,56.314,3873
  651,43266.027,59.519,3873
  652,43321.801,55.775,3873
  653,43383.387,61.584,3872
  654,43430.957,47.571,3871
  655,43491.598,60.641,3849
  656,43545.074,53.475,3849
  657,43593.859,48.783,3849
  658,43651.801,57.947,3845
  659,43705.652,53.852,3823
  660,43768.949,63.294,3806
  661,43832.547,63.599,3783
  662,43892.789,60.241,3767
  663,43957.523,64.732,3745
  664,44013.609,56.091,3725
  665,44075.473,61.861,3690
  666,44134.824,59.353,3671
  667,44196.883,62.057,3656
  668,44251.570,54.688,3636
  669,44388.992,137.424,3593
  670,44553.738,164.745,3537
  671,44575.535,21.794,3546
  672,44648.441,72.907,3554
  673,44730.863,82.421,3533
  674,44811.262,80.400,3534
  675,44843.730,32.466,3533
  676,44923.352,79.622,3533
  677,44996.949,73.601,3534
  678,45053.523,56.572,3536
  679,45125.480,71.958,3536
  680,45186.074,60.594,3534
  681,45278.164,92.085,3526
  682,45317.668,39.506,3526
  683,45412.438,94.773,3527
  684,45467.273,54.836,3527
  685,45529.145,61.872,3530
  686,45589.703,60.556,3531
  687,45678.219,88.516,3530
  688,45738.039,59.818,3530
  689,45799.410,61.375,3526
  690,45861.754,62.343,3527
  691,45942.000,80.243,3526
  692,46013.309,71.311,3526
  693,46076.852,63.542,3526
  694,46146.875,70.021,3525
  695,46225.641,78.769,3525
  696,46302.145,76.506,3525
  697,46357.828,55.677,3527
  698,46430.570,72.744,3529
  699,46486.766,56.199,3529
  700,46563.355,76.586,3532
  701,46622.918,59.564,3530
  702,46687.926,65.010,3528
  703,46761.426,73.499,3526
  704,46813.695,52.267,3522
  705,46886.219,72.523,3521
  706,46956.629,70.415,3537
  707,47022.074,65.444,3537
  708,47085.770,63.694,3545
  709,47159.848,74.077,3546
  710,47228.535,68.688,3531
  711,47301.629,73.096,3531
  712,47369.484,67.856,3531
  713,47447.625,78.139,3529
  714,47517.137,69.513,3521
  715,47588.668,71.530,3522
  716,47649.859,61.191,3522
  717,47719.410,69.551,3520
  718,47792.785,73.377,3519
  719,47852.363,59.574,3522
  720,47935.844,83.481,3525
  721,48007.230,71.388,3526
  722,48061.023,53.791,3531
  723,48174.418,113.398,3508
  724,48222.707,48.285,3508
  725,48299.129,76.425,3513
  726,48361.297,62.169,3516
  727,48433.172,71.871,3519
  728,48505.012,71.839,3520
  729,48574.145,69.136,3523
  730,48647.340,73.194,3515
  731,48717.059,69.721,3522
  732,48800.465,83.408,3524
  733,48850.504,50.036,3526
  734,48915.707,65.204,3530
  735,49005.602,89.896,3530
  736,49051.500,45.893,3530
  737,49130.758,79.261,3527
  738,49183.211,52.452,3528
  739,49250.105,66.895,3528
  740,49335.406,85.302,3528
  741,49398.000,62.591,3528
  742,49442.465,44.470,3527
  743,49510.383,67.914,3530
  744,49579.730,69.347,3531
  745,49649.730,70.003,3533
  746,49719.520,69.786,3534
  747,49794.133,74.618,3538
  748,49862.793,68.658,3530
  749,49929.824,67.028,3528
  750,49991.270,61.448,3530
  751,50059.871,68.602,3534
  752,50131.801,71.932,3528
  753,50203.273,71.473,3531
  754,50283.516,80.239,3520
  755,50340.488,56.972,3522
  756,50413.379,72.889,3521
  757,50479.285,65.909,3522
  758,50542.027,62.739,3526
  759,50613.121,71.098,3529
  760,50683.012,69.888,3532
  761,50748.051,65.039,3535
  762,50817.480,69.431,3543
  763,50884.938,67.457,3543
  764,50951.266,66.327,3543
  765,51022.508,71.240,3543
  766,51090.020,67.516,3543
  767,51158.598,68.578,3543
  768,51229.207,70.609,3541
  769,51291.969,62.764,3543
  770,51358.266,66.297,3542
  771,51431.922,73.655,3541
  772,51496.313,64.390,3540
  773,51567.645,71.332,3539
  774,51631.527,63.880,3541
  775,51702.730,71.204,3543
  776,51773.145,70.418,3544
  777,51838.723,65.577,3545
  778,51905.328,66.602,3547
  779,51976.215,70.888,3546
  780,52053.859,77.645,3547
  781,52133.848,79.988,3546
  782,52197.809,63.965,3547
  783,52270.348,72.532,3555
  784,52346.465,76.120,3559
  785,52418.945,72.481,3569
  786,52484.402,65.455,3569
  787,52561.926,77.527,3574
  788,52624.473,62.548,3580
  789,52694.297,69.823,3584
  790,52770.969,76.673,3591
  791,52842.676,71.704,3589
  792,52913.098,70.422,3585
  793,52986.859,73.762,3583
  794,53051.883,65.023,3587
  795,53126.832,74.949,3591
  796,53202.750,75.920,3593
  797,53277.781,75.030,3593
  798,53342.578,64.795,3595
  799,53414.289,71.714,3594
  800,53485.492,71.202,3598
  801,53558.758,73.266,3601
  802,53617.617,58.860,3601
  803,53681.238,63.621,3602
  804,53750.090,68.850,3602
  805,53816.723,66.631,3599
  806,53884.387,67.666,3597
  807,53942.875,58.486,3598
  808,54010.227,67.356,3597
  809,54081.676,71.447,3595
  810,54149.676,67.999,3593
  811,54227.570,77.898,3595
  812,54294.992,67.419,3595
  813,54364.172,69.177,3585
  814,54421.516,57.345,3586
  815,54503.438,81.925,3586
  816,54571.105,67.666,3594
  817,54635.566,64.463,3600
  818,54700.566,65.000,3607
  819,54771.711,71.144,3614
  820,54838.293,66.583,3622
  821,54899.000,60.705,3628
  822,54967.855,68.856,3632
  823,55029.027,61.171,3636
  824,55089.910,60.885,3636
  825,55159.246,69.334,3636
  826,55225.664,66.417,3635
  827,55288.902,63.241,3634
  828,55357.461,68.560,3634
  829,55423.477,66.010,3634
  830,55487.668,64.195,3634
  831,55549.539,61.870,3634
  832,55613.258,63.721,3633
  833,55679.289,66.030,3633
  834,55736.668,57.376,3633
  835,55804.090,67.425,3633
  836,55868.555,64.465,3633
  837,55934.012,65.457,3633
  838,55996.008,61.993,3633
  839,56058.945,62.942,3633
  840,56127.555,68.605,3634
  841,56188.563,61.011,3633
  842,56249.871,61.306,3633
  843,56316.652,66.780,3634
  844,56374.750,58.100,3633
  845,56445.277,70.530,3633
  846,56507.379,62.101,3634
  847,56568.641,61.258,3634
  848,56628.707,60.067,3634
  849,56697.348,68.641,3634
  850,56764.125,66.780,3632
  851,56829.555,65.428,3628
  852,56892.684,63.128,3631
  853,56957.129,64.447,3627
  854,57023.617,66.487,3628
  855,57085.465,61.848,3631
  856,57150.613,65.151,3630
  857,57217.684,67.068,3631
  858,57272.680,54.994,3633
  859,57341.715,69.035,3637
  860,57399.582,57.870,3637
  861,57466.918,67.335,3637
  862,57530.691,63.774,3637
  863,57593.387,62.694,3637
  864,57657.875,64.488,3637
  865,57720.816,62.941,3637
  866,57779.938,59.126,3637
  867,57846.148,66.207,3637
  868,57905.953,59.806,3637
  869,57972.500,66.543,3637
  870,58037.012,64.513,3636
  871,58096.242,59.231,3634
  872,58173.441,77.203,3634
  873,58230.102,56.658,3634
  874,58290.543,60.440,3633
  875,58355.551,65.009,3634
  876,58415.066,59.516,3633
  877,58488.336,73.268,3599
  878,58563.266,74.930,3548
  879,58612.391,49.127,3555
  880,58672.672,60.280,3562
  881,58744.988,72.315,3570
  882,58811.598,66.612,3579
  883,58877.539,65.940,3587
  884,58948.172,70.630,3595
  885,59007.887,59.717,3598
  886,59077.828,69.943,3600
  887,59138.156,60.324,3602
  888,59212.898,74.748,3605
  889,59280.574,67.673,3611
  890,59344.129,63.556,3618
  891,59407.664,63.532,3627
  892,59471.305,63.642,3631
  893,59572.160,100.855,3631
  894,59625.363,53.204,3633
  895,59668.652,43.290,3633
  896,59726.727,58.073,3633
  897,59792.898,66.174,3633
  898,59847.191,54.292,3632
  899,59907.070,59.880,3634
  900,59970.383,63.311,3634
  901,60035.199,64.817,3634
  902,60095.355,60.154,3634
  903,60157.293,61.942,3633
  904,60222.656,65.358,3633
  905,60287.156,64.503,3633
  906,60348.039,60.881,3634
  907,60404.586,56.548,3634
  908,60461.707,57.120,3633
  909,60528.395,66.689,3633
  910,60598.156,69.758,3633
  911,60662.379,64.227,3634
  912,60719.645,57.263,3635
  913,60783.375,63.732,3634
  914,60845.441,62.068,3634
  915,60916.965,71.520,3633
  916,60992.273,75.311,3633
  917,61062.777,70.507,3634
  918,61124.613,61.834,3634
  919,61202.215,77.599,3636
  920,61267.348,65.131,3640
  921,61336.844,69.497,3639
  922,61401.637,64.795,3642
  923,61448.098,46.464,3641
  924,61518.270,70.169,3644
  925,61582.355,64.085,3646
  926,61665.969,83.613,3648
  927,61712.230,46.263,3648
  928,61781.199,68.967,3649
  929,61853.215,72.018,3650
  930,61912.758,59.543,3652
  931,61977.219,64.460,3654
  932,62046.496,69.275,3657
  933,62114.156,67.662,3660
  934,62178.004,63.847,3662
  935,62240.656,62.651,3663
  936,62309.699,69.044,3666
  937,62386.086,76.389,3670
  938,62440.813,54.726,3673
  939,62519.363,78.549,3677
  940,62567.402,48.040,3680
  941,62631.801,64.398,3680
  942,62721.641,89.839,3683
  943,62769.246,47.609,3684
  944,62827.746,58.497,3685
  945,62900.203,72.459,3686
  946,62960.168,59.962,3690
  947,63030.871,70.705,3690
  948,63102.965,72.090,3691
  949,63165.723,62.763,3694
  950,63226.238,60.514,3695
  951,63305.309,79.070,3696
  952,63368.004,62.697,3697
  953,63433.973,65.967,3699
  954,63503.984,70.010,3700
  955,63569.801,65.817,3707
  956,63632.059,62.258,3709
  957,63702.859,70.802,3713
  958,63764.434,61.577,3714
  959,63837.254,72.819,3714
  960,63906.250,68.996,3714
  961,63976.488,70.235,3716
  962,64042.547,66.061,3718
  963,64111.379,68.833,3719
  964,64178.848,67.468,3720
  965,64243.676,64.826,3723
  966,64314.301,70.623,3723
  967,64383.230,68.934,3725
  968,64451.094,67.864,3725
  969,64520.566,69.471,3725
  970,64590.246,69.682,3726
  971,64651.441,61.194,3726
  972,64728.230,76.789,3726
  973,64787.094,58.865,3728
  974,64854.465,67.367,3728
  975,64916.887,62.424,3729
  976,64991.441,74.558,3729
  977,65053.082,61.639,3732
  978,65120.355,67.272,3734
  979,65189.258,68.904,3738
  980,65268.871,79.612,3786
  981,65349.785,80.917,3796
  982,65413.918,64.131,3806
  983,65478.430,64.511,3815
  984,65568.531,90.103,3814
  985,65647.063,78.528,3824
  986,65738.711,91.643,3829
  987,65816.578,77.869,3836
  988,65904.922,88.348,3841
  989,65985.734,80.809,3847
  990,66053.266,67.534,3853
  991,66285.352,232.092,3860
  992,66333.602,48.243,3862
  993,66405.109,71.510,3866
  994,66476.047,70.933,3873
  995,66575.766,99.722,3879
  996,66654.008,78.247,3887
  997,66712.055,58.037,3891
  998,66815.070,103.019,3895
  999,66885.141,70.075,3897
 1000,66938.125,52.979,3898
 1001,66990.320,52.197,3901
 1002,67067.773,77.457,3900
 1003,67140.484,72.705,3900
 1004,67203.219,62.739,3903
 1005,67286.461,83.236,3902
 1006,67376.313,89.860,3902
 1007,67442.898,66.581,3906
 1008,67507.680,64.789,3910
 1009,67566.531,58.848,3911
 1010,67644.531,77.993,3911
 1011,67708.758,64.229,3911
 1012,67766.781,58.021,3916
 1013,67847.773,80.995,3916
 1014,67901.906,54.135,3916
 1015,67980.078,78.167,3916
 1016,68047.664,67.589,3908
 1017,68121.016,73.358,3908
 1018,68196.125,75.102,3908
 1019,68268.656,72.535,3908
 1020,68337.648,68.993,3908
 1021,68421.719,84.065,3910
 1022,68472.273,50.562,3911
 1023,68562.414,90.134,3911
 1024,68623.805,61.392,3917
 1025,68700.781,76.974,3920
 1026,68763.492,62.711,3922
 1027,68840.078,76.583,3918
 1028,68914.813,74.737,3922
 1029,68968.016,53.208,3923
 1030,69044.859,76.839,3924
 1031,69108.758,63.896,3925
 1032,69188.164,79.411,3930
 1033,69243.750,55.585,3930
 1034,69310.727,66.973,3930
 1035,69384.508,73.788,3929
 1036,69446.711,62.198,3927
 1037,69514.961,68.252,3927
 1038,69577.141,62.183,3927
 1039,69653.484,76.344,3927
 1040,69720.844,67.357,3929
 1041,69791.297,70.457,3929
 1042,69874.922,83.620,3929
 1043,69945.141,70.221,3930
 1044,70000.258,55.116,3931
 1045,70064.992,64.736,3932
 1046,70143.625,78.636,3931
 1047,70211.172,67.543,3932
 1048,70267.313,56.145,3933
 1049,70343.172,75.856,3933
 1050,70461.641,118.471,3927
 1051,70510.195,48.555,3925
 1052,70574.641,64.444,3924
 1053,70634.930,60.288,3925
 1054,70697.617,62.689,3925
 1055,70769.461,71.838,3925
 1056,70834.055,64.595,3925
 1057,70900.172,66.116,3924
 1058,70967.648,67.483,3925
 1059,71044.984,77.332,3921
 1060,71099.414,54.426,3924
 1061,71167.484,68.075,3924
 1062,71223.570,56.089,3922
 1063,71301.000,77.429,3922
 1064,71376.688,75.685,3921
 1065,71444.203,67.514,3921
 1066,71510.898,66.695,3922
 1067,71584.758,73.858,3922
 1068,71636.586,51.834,3922
 1069,71721.203,84.615,3919
 1070,71784.711,63.499,3917
 1071,71831.852,47.149,3919
 1072,71958.055,126.196,3914
 1073,71996.656,38.611,3914
 1074,72062.484,65.826,3914
 1075,72128.859,66.372,3914
 1076,72187.500,58.639,3910
 1077,72260.055,72.553,3908
 1078,72325.680,65.638,3905
 1079,72395.570,69.886,3903
 1080,72454.617,59.043,3904
 1081,72521.242,66.626,3904
 1082,72604.914,83.669,3906
 1083,72667.469,62.557,3907
 1084,72735.250,67.780,3906
 1085,72802.367,67.114,3906
 1086,72900.500,98.140,3905
 1087,72942.836,42.336,3906
 1088,73020.516,77.674,3907
 1089,73091.961,71.454,3907
 1090,73161.375,69.408,3906
 1091,73236.227,74.851,3905
 1092,73300.258,64.038,3907
 1093,73365.586,65.322,3907
 1094,73422.555,56.973,3907
 1095,73495.109,72.546,3906
 1096,73583.859,88.757,3903
 1097,73638.016,54.157,3903
 1098,73720.727,82.702,3903
 1099,73778.719,57.994,3903
 1100,73849.586,70.870,3904
 1101,73921.961,72.381,3904
 1102,73981.344,59.379,3904
 1103,74063.242,81.896,3904
 1104,74120.281,57.044,3903
 1105,74190.109,69.824,3903
 1106,74258.227,68.121,3905
 1107,74327.797,69.565,3905
 1108,74397.734,69.939,3906
 1109,74460.727,62.987,3906
 1110,74522.563,61.846,3904
 1111,74603.484,80.920,3904
 1112,74659.859,56.373,3904
 1113,74733.422,73.563,3904
 1114,74789.867,56.442,3905
 1115,74863.805,73.942,3905
 1116,74932.813,69.002,3905
 1117,75010.633,77.828,3904
 1118,75112.836,102.201,3904
 1119,75189.891,77.050,3904
 1120,75265.203,75.317,3904
 1121,75307.172,41.966,3905
 1122,75408.391,101.216,3904
 1123,75458.734,50.344,3905
 1124,75533.992,75.267,3905
 1125,75585.148,51.151,3904
 1126,75652.656,67.513,3904
 1127,75731.563,78.905,3904
 1128,75785.828,54.264,3904
 1129,75851.664,65.840,3904
 1130,75918.859,67.189,3904
 1131,75978.375,59.513,3903
 1132,76046.469,68.091,3903
 1133,76115.250,68.785,3904
 1134,76177.453,62.201,3904
 1135,76254.938,77.487,3905
 1136,76317.125,62.185,3904
 1137,76380.008,62.891,3900
 1138,76430.234,50.225,3897
 1139,76496.578,66.344,3887
 1140,76554.844,58.262,3880
 1141,76619.313,64.476,3873
 1142,76670.820,51.499,3871
 1143,76734.273,63.457,3871
 1144,76798.188,63.910,3871
 1145,76858.953,60.769,3871
 1146,76923.297,64.344,3871
 1147,76980.180,56.878,3871
 1148,77045.328,65.159,3871
 1149,77102.469,57.134,3871
 1150,77162.906,60.440,3871
 1151,77220.023,57.113,3871
 1152,77286.531,66.513,3871
 1153,77343.828,57.288,3871
 1154,77417.750,73.924,3871
 1155,77465.195,47.449,3871
 1156,77526.961,61.764,3871
 1157,77587.703,60.735,3871
 1158,77648.969,61.277,3871
 1159,77699.430,50.452,3871
 1160,77768.539,69.115,3871
 1161,77826.055,57.510,3871
 1162,77886.609,60.566,3871
 1163,77943.859,57.241,3871
 1164,78000.906,57.049,3871
 1165,78063.977,63.071,3871
 1166,78125.766,61.790,3871
 1167,78184.891,59.124,3871
 1168,78247.555,62.661,3871
 1169,78308.586,61.036,3871
 1170,78368.492,59.905,3871
 1171,78422.352,53.854,3871
 1172,78538.156,115.806,3871
 1173,78580.813,42.657,3871
 1174,78610.750,29.938,3871
 1175,78669.359,58.611,3871
 1176,78730.391,61.030,3871
 1177,78786.281,55.897,3871
 1178,78846.664,60.384,3871
 1179,78907.508,60.834,3871
 1180,78965.500,57.995,3871
 1181,79025.188,59.687,3871
 1182,79088.961,63.782,3871
 1183,79145.781,56.809,3871
 1184,79208.727,62.944,3871
 1185,79265.203,56.486,3871
 1186,79326.672,61.470,3871
 1187,79388.109,61.430,3871
 1188,79446.922,58.817,3871
 1189,79508.039,61.112,3871
 1190,79558.586,50.550,3871
 1191,79617.563,58.978,3871
 1192,79680.328,62.767,3871
 1193,79744.102,63.772,3871
 1194,79803.461,59.361,3871
 1195,79862.188,58.722,3871
 1196,79923.391,61.204,3871
 1197,79984.945,61.556,3871
 1198,80053.453,68.507,3871
 1199,80118.313,64.860,3871
 1200,80182.977,64.665,3871
 1201,80246.797,63.819,3871
 1202,80312.758,65.963,3871
 1203,80377.172,64.408,3871
 1204,80439.898,62.730,3871
 1205,80506.094,66.194,3871
 1206,80573.023,66.929,3871
 1207,80637.930,64.911,3871
 1208,80700.898,62.971,3871
 1209,80762.539,61.637,3871
 1210,80825.250,62.712,3871
 1211,80893.297,68.044,3871
 1212,80958.047,64.749,3871
 1213,81021.055,63.006,3871
 1214,81085.531,64.482,3871
 1215,81150.977,65.447,3871
 1216,81216.086,65.103,3871
 1217,81280.445,64.360,3871
 1218,81344.680,64.237,3871
 1219,81408.813,64.129,3871
 1220,81467.359,58.550,3871
 1221,81531.914,64.556,3871
 1222,81589.391,57.472,3871
 1223,81648.945,59.558,3871
 1224,81708.898,59.955,3871
 1225,81769.852,60.952,3871
 1226,81829.297,59.445,3871
 1227,81888.156,58.859,3871
 1228,81933.367,45.210,3434
 1229,81981.609,48.249,3440
 1230,82025.570,43.961,3441
 1231,82075.250,49.679,3447
 1232,82125.758,50.498,3450
 1233,82173.156,47.399,3452
 1234,82218.500,45.344,3454
 1235,82270.266,51.769,3457
 1236,82315.414,45.147,3464
 1237,82367.508,52.092,3470
 1238,82411.953,44.448,3477
 1239,82465.383,53.428,3483
 1240,82513.844,48.468,3488
 1241,82563.695,49.842,3488
 1242,82613.109,49.421,3494
 1243,82663.563,50.452,3502
 1244,82708.602,45.040,3508
 1245,82759.688,51.085,3516
 1246,82807.125,47.434,3524
 1247,82856.945,49.823,3532
 1248,82902.305,45.365,3538
 1249,82955.133,52.821,3543
 1250,83002.703,47.570,3550
 1251,83055.555,52.857,3552
 1252,83094.984,39.427,3554
 1253,83150.531,55.544,3556
 1254,83199.297,48.768,3556
 1255,83250.422,51.119,3560
 1256,83294.359,43.938,3568
 1257,83340.383,46.029,3577
 1258,83389.484,49.103,3585
 1259,83443.219,53.734,3594
 1260,83489.602,46.386,3603
 1261,83539.695,50.083,3611
 1262,83588.094,48.401,3618
 1263,83639.992,51.906,3620
 1264,83686.148,46.148,3618
 1265,83734.852,48.707,3619
 1266,83779.352,44.497,3619
 1267,83825.367,46.014,3618
 1268,83869.539,44.177,3619
 1269,83918.180,48.644,3620
 1270,83966.586,48.404,3620
 1271,84011.617,45.035,3620
 1272,84058.828,47.208,3622
 1273,84109.063,50.233,3618
 1274,84160.164,51.099,3619
 1275,84208.633,48.476,3619
 1276,84251.891,43.258,3618
 1277,84300.453,48.556,3621
 1278,84352.188,51.735,3620
 1279,84402.508,50.321,3619
 1280,84447.867,45.363,3618
 1281,84492.250,44.381,3617
 1282,84547.945,55.696,3620
 1283,84597.906,49.958,3620
 1284,84637.797,39.889,3622
 1285,84685.719,47.919,3619
 1286,84731.945,46.234,3618
 1287,84784.430,52.478,3619
 1288,84827.352,42.919,3619
 1289,84877.531,50.186,3619
 1290,84925.094,47.562,3618
 1291,84975.844,50.749,3618
 1292,85023.203,47.361,3622
 1293,85067.094,43.892,3624
 1294,85116.414,49.314,3622
 1295,85174.648,58.242,3619
 1296,85211.367,36.712,3615
 1297,85256.813,45.450,3618
 1298,85306.828,50.014,3618
 1299,85356.773,49.943,3619
 1300,85406.961,50.195,3619
 1301,85453.477,46.507,3618
 1302,85505.906,52.435,3618
 1303,85553.750,47.845,3618
 1304,85601.516,47.767,3619
 1305,85654.875,53.360,3619
 1306,85703.344,48.458,3619
 1307,85751.977,48.643,3618
 1308,85802.188,50.209,3618
 1309,85848.789,46.602,3621
 1310,85896.531,47.738,3621
 1311,85950.492,53.966,3620
 1312,85995.289,44.799,3619
 1313,86042.484,47.193,3616
 1314,86091.852,49.365,3617
 1315,86140.852,49.002,3618
 1316,86187.852,46.997,3619
 1317,86235.672,47.815,3620
 1318,86284.820,49.155,3620
 1319,86335.047,50.221,3623
 1320,86386.961,51.923,3621
 1321,86437.289,50.327,3619
 1322,86490.516,53.225,3619
 1323,86536.930,46.417,3621
 1324,86579.023,42.085,3627
 1325,86628.977,49.958,3626
 1326,86681.250,52.278,3622
 1327,86728.148,46.897,3619
 1328,86778.688,50.534,3625
 1329,86823.000,44.308,3625
 1330,86874.281,51.291,3624
 1331,86923.648,49.371,3624
 1332,86973.195,49.540,3622
 1333,87020.531,47.337,3623
 1334,87069.172,48.636,3624
 1335,87118.117,48.951,3627
 1336,87166.523,48.401,3626
 1337,87214.742,48.219,3623
 1338,87266.234,51.496,3623
 1339,87314.594,48.357,3625
 1340,87359.172,44.581,3626
 1341,87408.852,49.674,3625
 1342,87459.547,50.699,3624
 1343,87508.391,48.844,3623
 1344,87553.141,44.752,3627
 1345,87603.719,50.574,3626
 1346,87651.680,47.959,3626
 1347,87702.375,50.692,3625
 1348,87747.477,45.104,3630
 1349,87797.063,49.584,3629
 1350,87841.172,44.116,3628
 1351,87895.477,54.305,3627
 1352,87940.297,44.821,3626
 1353,87987.977,47.679,3628
 1354,88036.680,48.697,3629
 1355,88086.141,49.468,3627
 1356,88133.219,47.082,3627
 1357,88185.273,52.051,3626
 1358,88231.625,46.353,3627
 1359,88279.797,48.165,3628
 1360,88324.859,45.070,3628
 1361,88373.430,48.564,3627
 1362,88423.641,50.217,3627
 1363,88468.500,44.855,3627
 1364,88521.008,52.506,3626
 1365,88572.477,51.472,3627
 1366,88619.867,47.390,3628
 1367,88666.914,47.053,3627
 1368,88715.164,48.242,3627
 1369,88762.180,47.016,3627
 1370,88809.844,47.664,3627
 1371,88853.078,43.236,3627
 1372,88904.266,51.188,3627
 1373,88949.258,44.991,3628
 1374,89001.266,52.009,3628
 1375,89043.633,42.373,3627
 1376,89095.820,52.178,3627
 1377,89141.484,45.670,3627
 1378,89188.492,47.004,3627
 1379,89236.086,47.589,3628
 1380,89283.023,46.943,3628
 1381,89332.797,49.776,3627
 1382,89377.328,44.523,3627
 1383,89425.750,48.430,3626
 1384,89471.523,45.773,3627
 1385,89520.563,49.038,3627
 1386,89569.875,49.310,3628
 1387,89617.883,48.013,3628
 1388,89661.391,43.503,3627
 1389,89710.086,48.698,3627
 1390,89759.664,49.572,3627
 1391,89809.188,49.530,3627
 1392,89855.766,46.576,3627
 1393,89904.828,49.061,3627
 1394,89953.789,48.965,3627
 1395,90000.125,46.331,3627
 1396,90051.203,51.079,3627
 1397,90094.148,42.949,3627
 1398,90143.086,48.933,3629
 1399,90189.688,46.598,3628
 1400,90239.523,49.844,3627
 1401,90284.273,44.749,3627
 1402,90331.891,47.621,3625
 1403,90377.531,45.638,3627
 1404,90427.008,49.471,3627
 1405,90475.219,48.216,3627
 1406,90522.289,47.073,3627
 1407,90571.195,48.901,3627
 1408,90622.086,50.890,3627
 1409,90665.797,43.709,3627
 1410,90713.375,47.576,3627
 1411,90759.930,46.564,3627
 1412,90808.547,48.615,3627
 1413,90855.820,47.271,3627
 1414,90902.352,46.530,3627
 1415,90949.109,46.759,3628
 1416,90997.328,48.217,3627
 1417,91046.648,49.324,3628
 1418,91092.906,46.256,3628
 1419,91139.820,46.916,3627
 1420,91187.430,47.604,3627
 1421,91232.586,45.160,3626
 1422,91282.055,49.471,3627
 1423,91328.031,45.970,3628
 1424,91376.523,48.499,3627
 1425,91423.047,46.521,3627
 1426,91471.234,48.190,3627
 1427,91518.938,47.707,3627
 1428,91566.258,47.316,3628
 1429,91612.625,46.365,3628
 1430,91660.414,47.785,3627
 1431,91708.992,48.576,3626
 1432,91755.422,46.438,3626
 1433,91801.414,45.987,3627
 1434,91849.234,47.825,3627
 1435,91896.977,47.746,3627
 1436,91943.109,46.123,3624
 1437,91986.477,43.373,3620
 1438,92030.852,44.372,3617
 1439,92076.508,45.658,3612
 1440,92122.398,45.886,3612
 1441,92167.805,45.408,3612
 1442,92213.727,45.924,3612
 1443,92259.672,45.946,3612
 1444,92304.117,44.445,3612
 1445,92350.227,46.116,3612
 1446,92396.633,46.403,3612
 1447,92440.273,43.645,3612
 1448,92485.875,45.593,3612
 1449,92530.953,45.083,3612
 1450,92576.359,45.400,3612
 1451,92621.844,45.484,3612
 1452,92667.281,45.441,3612
 1453,92712.781,45.496,3612
 1454,92757.797,45.016,3612
 1455,92802.461,44.669,3612
 1456,92847.453,44.992,3612
 1457,92892.344,44.889,3612
 1458,92936.406,44.058,3612
 1459,92981.398,44.994,3612
 1460,93026.742,45.345,3612
 1461,93070.203,43.466,3612
 1462,93115.031,44.824,3612
 1463,93160.891,45.863,3612
 1464,93204.125,43.234,3612
 1465,93248.539,44.416,3612
 1466,93295.258,46.718,3612
 1467,93337.352,42.084,3612
 1468,93382.680,45.330,3612
 1469,93427.492,44.814,3612
 1470,93471.516,44.025,3612
 1471,93515.922,44.414,3612
 1472,93560.820,44.893,3612
 1473,93604.203,43.382,3612
 1474,93647.711,43.505,3612
 1475,93693.570,45.868,3612
 1476,93736.469,42.891,3612
 1477,93781.211,44.743,3612
 1478,93823.859,42.649,3612
 1479,93870.578,46.717,3612
 1480,93913.398,42.816,3612
 1481,93957.195,43.803,3612
 1482,94003.016,45.820,3612
 1483,94047.242,44.230,3612
 1484,94089.906,42.664,3612
 1485,94135.414,45.502,3612
 1486,94179.859,44.445,3612
 1487,94224.625,44.772,3612
 1488,94268.469,43.842,3612
 1489,94313.875,45.410,3612
 1490,94356.813,42.935,3612
 1491,94402.711,45.891,3612
 1492,94449.836,47.131,3612
 1493,94492.719,42.878,3612
 1494,94537.727,45.010,3612
 1495,94582.055,44.323,3612
 1496,94629.594,47.551,3612
 1497,94672.195,42.600,3612
 1498,94715.742,43.544,3612
 1499,94758.469,42.729,3612
 1500,94803.352,44.873,3612
 1501,94846.414,43.070,3612
 1502,94892.883,46.466,3644
 1503,94936.484,43.606,3644
 1504,94979.984,43.491,3644
 1505,95024.242,44.268,3644
 1506,95068.906,44.664,3644
 1507,95113.203,44.298,3644
 1508,95156.828,43.618,3644
 1509,95201.063,44.238,3644
 1510,95245.938,44.873,3644
 1511,95290.555,44.621,3644
 1512,95334.898,44.342,3644
 1513,95379.195,44.294,3644
 1514,95422.484,43.286,3644
 1515,95468.172,45.691,3644
 1516,95512.617,44.448,3644
 1517,95557.555,44.936,3612
 1518,95603.203,45.649,3612
 1519,95648.289,45.090,3612
 1520,95691.234,42.946,3612
 1521,95735.633,44.396,3612
 1522,95780.398,44.758,3612
 1523,95825.000,44.602,3612
 1524,95869.398,44.396,3612
 1525,95913.984,44.588,3612
 1526,95958.234,44.259,3612
 1527,96003.297,45.057,3612
 1528,96048.547,45.254,3612
 1529,96094.523,45.972,3612
 1530,96139.727,45.205,3612
 1531,96183.352,43.617,3612
 1532,96229.227,45.881,3612
 1533,96273.172,43.945,3612
 1534,96317.609,44.444,3612
 1535,96361.367,43.746,3612
 1536,96406.820,45.463,3612
 1537,96451.117,44.293,3612
 1538,96496.867,45.749,3612
 1539,96539.430,42.560,3612
 1540,96585.555,46.127,3612
 1541,96629.578,44.029,3612
 1542,96674.609,45.028,3612
 1543,96720.234,45.630,3612
 1544,96764.359,44.118,3612
 1545,96808.883,44.527,3612
 1546,96852.648,43.756,3612
 1547,96898.203,45.561,3612
 1548,96943.555,45.355,3612
 1549,96989.898,46.345,3612
 1550,97033.984,44.081,3612
 1551,97079.063,45.077,3612
 1552,97125.266,46.208,3612
 1553,97168.516,43.252,3612
 1554,97213.836,45.318,3612
 1555,97258.938,45.106,3612
 1556,97306.891,47.947,3612
 1557,97350.703,43.809,3612
 1558,97396.531,45.836,3612
 1559,97441.875,45.341,3612
 1560,97487.922,46.048,3612
 1561,97532.164,44.243,3612
 1562,97579.375,47.206,3612
 1563,97623.586,44.217,3612
 1564,97668.438,44.845,3612
 1565,97714.594,46.159,3612
 1566,97762.703,48.107,3612
 1567,97807.922,45.220,3612
 1568,97854.445,46.523,3612
 1569,97900.094,45.646,3612
 1570,97945.258,45.167,3612
 1571,97989.703,44.441,3612
 1572,98037.422,47.720,3612
 1573,98082.344,44.923,3612
 1574,98128.406,46.061,3612
 1575,98174.172,45.767,3612
 1576,98220.883,46.715,3612
 1577,98266.148,45.268,3612
 1578,98314.039,47.880,3612
 1579,98359.898,45.871,3612
 1580,98406.359,46.457,3612
 1581,98452.422,46.059,3612
 1582,98499.250,46.837,3612
 1583,98544.820,45.567,3612
 1584,98591.836,47.010,3612
 1585,98638.367,46.530,3612
 1586,98684.773,46.407,3612
 1587,98730.438,45.669,3612
 1588,98778.250,47.814,3612
 1589,98821.617,43.364,3612
 1590,98870.891,49.276,3612
 1591,98915.484,44.589,3612
 1592,98961.961,46.485,3612
 1593,99009.813,47.845,3612
 1594,99056.031,46.213,3612
 1595,99102.180,46.151,3612
 1596,99150.836,48.660,3612
 1597,99196.414,45.575,3612
 1598,99243.883,47.473,3612
 1599,99290.453,46.572,3612
 1600,99339.695,49.239,3612
 1601,99385.898,46.205,3612
 1602,99433.844,47.946,3612
 1603,99480.016,46.168,3612
 1604,99526.352,46.337,3612
 1605,99574.680,48.329,3612
 1606,99624.414,49.731,3612
 1607,99667.828,43.417,3612
 1608,99715.211,47.383,3612
 1609,99761.680,46.465,3612
 1610,99810.188,48.510,3612
 1611,99856.445,46.261,3612
 1612,99905.148,48.700,3612
 1613,99953.711,48.562,3612
 1614,99997.344,43.634,3612
 1615,100049.336,51.991,3612
 1616,100093.273,43.945,3612
 1617,100143.953,50.679,3612
 1618,100191.039,47.076,3612
 1619,100236.656,45.620,3612
 1620,100287.727,51.070,3612
 1621,100333.094,45.370,3612
 1622,100380.453,47.354,3612
 1623,100430.578,50.131,3612
 1624,100476.789,46.207,3612
 1625,100527.547,50.762,3612
 1626,100575.336,47.780,3612
 1627,100623.836,48.511,3612
 1628,100674.773,50.930,3612
 1629,100723.406,48.635,3612
 1630,100771.273,47.871,3612
 1631,100820.406,49.129,3612
 1632,100867.586,47.188,3612
 1633,100917.977,50.381,3612
 1634,100968.375,50.403,3612
 1635,101014.906,46.529,3612
 1636,101067.359,52.448,3612
 1637,101113.469,46.115,3612
 1638,101166.453,52.981,3612
 1639,101217.805,51.355,3612
 1640,101265.281,47.480,3612
 1641,101321.820,56.535,3612
 1642,101370.984,49.165,3612
 1643,101421.258,50.275,3612
 1644,101468.859,47.603,3612
 1645,101518.742,49.878,3612
 1646,101570.922,52.184,3612
 1647,101620.789,49.863,3612
 1648,101671.898,51.110,3612
 1649,101724.367,52.467,3612
 1650,101774.578,50.212,3612
 1651,101824.094,49.517,3612
 1652,101873.508,49.416,3612
 1653,101926.500,52.989,3612
 1654,101975.945,49.451,3612
 1655,102027.172,51.222,3612
 1656,102080.547,53.374,3612
 1657,102130.586,50.042,3612
 1658,102183.367,52.773,3612
 1659,102235.438,52.078,3612
 1660,102287.156,51.715,3612
 1661,102337.289,50.138,3612
 1662,102391.641,54.343,3612
 1663,102442.242,50.613,3612
 1664,102493.813,51.562,3612
 1665,102547.281,53.476,3612
 1666,102597.281,50.003,3612
 1667,102650.164,52.879,3612
 1668,102703.523,53.358,3612
 1669,102751.242,47.717,3612
 1670,102805.500,54.261,3612
 1671,102861.219,55.715,3612
 1672,102910.258,49.038,3612
 1673,102965.688,55.427,3612
 1674,103013.781,48.101,3612
 1675,103070.672,56.881,3612
 1676,103124.422,53.757,3612
 1677,103177.008,52.581,3612
 1678,103230.367,53.362,3612
 1679,103283.305,52.937,3612
 1680,103334.758,51.457,3612
 1681,103386.188,51.432,3612
 1682,103443.484,57.291,3612
 1683,103492.344,48.862,3612
 1684,103550.461,58.116,3612
 1685,103601.570,51.109,3612
 1686,103657.773,56.200,3612
 1687,103710.977,53.204,3612
 1688,103766.938,55.965,3612
 1689,103820.492,53.551,3612
 1690,103874.617,54.128,3612
 1691,103926.906,52.293,3612
 1692,103979.102,52.190,3612
 1693,104036.180,57.081,3612
 1694,104085.727,49.545,3612
 1695,104142.094,56.366,3612
 1696,104201.688,59.590,3612
 1697,104252.922,51.244,3612
 1698,104305.195,52.267,3612
 1699,104358.992,53.797,3612
 1700,104414.609,55.618,3612
 1701,104469.227,54.617,3612
 1702,104527.070,57.840,3612
 1703,104577.828,50.765,3612
 1704,104635.820,57.990,3612
 1705,104692.578,56.763,3612
 1706,104749.656,57.070,3612
 1707,104799.266,49.617,3612
 1708,104856.758,57.483,3612
 1709,104908.172,51.419,3612
 1710,104970.813,62.638,3612
 1711,105022.023,51.213,3612
 1712,105075.891,53.868,3612
 1713,105134.672,58.776,3612
 1714,105187.078,52.411,3612
 1715,105242.906,55.829,3612
 1716,105302.250,59.345,3612
 1717,105358.273,56.028,3612
 1718,105410.828,52.547,3612
 1719,105470.641,59.806,3612
 1720,105521.352,50.715,3612
 1721,105577.703,56.351,3612
 1722,105640.703,63.003,3612
 1723,105690.344,49.635,3612
 1724,105750.531,60.196,3612
 1725,105807.055,56.522,3612
 1726,105861.414,54.357,3612
 1727,105920.578,59.169,3612
 1728,105973.672,53.083,3612
 1729,106030.180,56.513,3612
 1730,106085.914,55.737,3612
 1731,106144.336,58.416,3612
 1732,106203.383,59.050,3612
 1733,106258.039,54.656,3612
 1734,106316.969,58.929,3612
 1735,106374.930,57.968,3612
 1736,106433.984,59.047,3612
 1737,106487.258,53.280,3612
 1738,106549.703,62.436,3612
 1739,106602.227,52.529,3612
 1740,106664.461,62.234,3612
 1741,106721.047,56.589,3612
 1742,106777.445,56.394,3612
 1743,106832.563,55.123,3612
 1744,106890.430,57.863,3612
 1745,106947.984,57.549,3612
 1746,107004.602,56.627,3612
 1747,107062.031,57.426,3612
 1748,107123.578,61.551,3612
 1749,107180.875,57.296,3612
 1750,107237.242,56.366,3612
 1751,107293.172,55.929,3612
 1752,107354.672,61.493,3612
 1753,107407.656,52.984,3612
 1754,107467.602,59.958,3612
 1755,107527.039,59.426,3612
 1756,107589.055,62.019,3612
 1757,107642.070,53.014,3612
 1758,107701.094,59.028,3612
 1759,107758.047,56.950,3612
 1760,107815.727,57.681,3612
 1761,107877.742,62.012,3612
 1762,107936.492,58.755,3612
 1763,107992.273,55.780,3612
 1764,108054.633,62.357,3612
 1765,108111.086,56.453,3612
 1766,108170.672,59.584,3612
 1767,108226.984,56.315,3612
 1768,108285.328,58.340,3612
 1769,108351.938,66.615,3612
 1770,108403.922,51.988,3612
 1771,108467.844,63.919,3612
 1772,108524.398,56.553,3612
 1773,108583.539,59.148,3612
 1774,108640.422,56.879,3612
 1775,108704.695,64.268,3612
 1776,108758.117,53.422,3612
 1777,108819.727,61.614,3612
 1778,108877.156,57.425,3612
 1779,108932.461,55.307,3612
 1780,108997.766,65.306,3612
 1781,109053.945,56.186,3612
 1782,109117.156,63.206,3612
 1783,109174.539,57.386,3612
 1784,109234.938,60.400,3612
 1785,109291.844,56.897,3612
 1786,109349.836,57.996,3612
 1787,109414.289,64.447,3612
 1788,109472.891,58.607,3612
 1789,109550.969,78.076,3612
 1790,109601.211,50.246,3612
 1791,109654.195,52.988,3612
 1792,109712.133,57.934,3612
 1793,109766.352,54.212,3612
 1794,109825.555,59.207,3612
 1795,109890.031,64.475,3612
 1796,109948.641,58.606,3612
 1797,110012.289,63.648,3612
 1798,110067.164,54.883,3612
 1799,110131.078,63.910,3612
 1800,110190.258,59.183,3612
 1801,110247.602,57.343,3612
 1802,110317.789,70.186,3612
 1803,110368.578,50.797,3612
 1804,110435.430,66.840,3612
 1805,110519.688,84.261,3612
 1806,110550.570,30.885,3612
 1807,110613.391,62.821,3612
 1808,110671.984,58.590,3612
 1809,110733.273,61.296,3612
 1810,110797.633,64.353,3612
 1811,110855.828,58.196,3612
 1812,110917.766,61.937,3612
 1813,110973.305,55.538,3612
 1814,111040.813,67.511,3612
 1815,111097.031,56.216,3612
 1816,111160.641,63.607,3612
 1817,111220.570,59.938,3612
 1818,111279.891,59.321,3612
 1819,111344.383,64.487,3612
 1820,111403.664,59.280,3612
 1821,111465.484,61.821,3612
 1822,111521.094,55.611,3612
 1823,111581.164,60.068,3612
 1824,111645.078,63.915,3612
 1825,111703.805,58.730,3612
 1826,111766.008,62.200,3612
 1827,111829.500,63.491,3612
 1828,111891.055,61.553,3612
 1829,111952.961,61.904,3612
 1830,112019.266,66.315,3612
 1831,112080.305,61.031,3612
 1832,112137.906,57.611,3612
 1833,112200.133,62.222,3612
 1834,112259.117,58.986,3612
 1835,112317.938,58.817,3612
 1836,112379.430,61.491,3612
 1837,112444.242,64.815,3612
 1838,112502.227,57.983,3612
 1839,112563.406,61.180,3612
 1840,112622.453,59.044,3612
 1841,112689.438,66.985,3612
 1842,112746.070,56.635,3612
 1843,112809.195,63.130,3612
 1844,112875.688,66.486,3612
 1845,112930.430,54.745,3612
 1846,112993.086,62.655,3612
 1847,113057.758,64.670,3612
 1848,113117.516,59.760,3612
 1849,113175.469,57.955,3612
 1850,113242.758,67.283,3612
 1851,113298.227,55.476,3612
 1852,113365.125,66.893,3612
 1853,113421.781,56.660,3612
 1854,113492.344,70.558,3612
 1855,113552.867,60.525,3612
 1856,113615.781,62.915,3644
 1857,113673.922,58.147,3644
 1858,113735.398,61.468,3644
 1859,113796.984,61.584,3644
 1860,113864.297,67.314,3644
 1861,113932.578,68.290,3644
 1862,113994.945,62.354,3644
 1863,114060.992,66.054,3644
 1864,114127.148,66.160,3644
 1865,114192.055,64.898,3644
 1866,114257.969,65.915,3644
 1867,114320.680,62.709,3644
 1868,114386.898,66.227,3644
 1869,114450.961,64.054,3644
 1870,114522.836,71.881,3644
 1871,114586.813,63.975,3644
 1872,114649.984,63.173,3644
 1873,114721.875,71.890,3644
 1874,114787.648,65.774,3644
 1875,114851.117,63.469,3644
 1876,114917.805,66.688,3644
 1877,114982.594,64.795,3644
 1878,115046.180,63.582,3644
 1879,115122.719,76.536,3644
 1880,115182.930,60.214,3644
 1881,115250.453,67.519,3644
 1882,115314.969,64.518,3644
 1883,115378.047,63.078,3644
 1884,115447.547,69.500,3644
 1885,115515.680,68.129,3644
 1886,115578.063,62.383,3644
 1887,115644.313,66.247,3644
 1888,115717.195,72.889,3644
 1889,115776.094,58.899,3644
 1890,115843.703,67.606,3644
 1891,115909.438,65.740,3644
 1892,115979.656,70.217,3644
 1893,116043.234,63.576,3644
 1894,116115.461,72.228,3644
 1895,116182.242,66.787,3644
 1896,116241.000,58.753,3644
 1897,116314.281,73.277,3644
 1898,116373.711,59.430,3644
 1899,116444.367,70.656,3644
 1900,116512.922,68.564,3644
 1901,116580.148,67.223,3644
 1902,116640.547,60.394,3644
 1903,116717.461,76.917,3644
 1904,116777.859,60.396,3644
 1905,116842.344,64.480,3644
 1906,116905.641,63.295,3644
 1907,116975.023,69.391,3644
 1908,117040.156,65.136,3644
 1909,117114.344,74.178,3644
 1910,117179.656,65.317,3644
 1911,117242.516,62.860,3644
 1912,117312.508,69.992,3644
 1913,117382.992,70.484,3644
 1914,117449.680,66.685,3644
 1915,117511.852,62.176,3644
 1916,117583.156,71.307,3644
 1917,117644.156,60.999,3644
 1918,117718.742,74.579,3644
 1919,117784.648,65.905,3644
 1920,117850.516,65.877,3644
 1921,117915.094,64.572,3644
 1922,117988.141,73.050,3644
 1923,118056.109,67.970,3644
 1924,118118.625,62.510,3644
 1925,118182.797,64.174,3644
 1926,118256.805,74.012,3644
 1927,118324.367,67.558,3644
 1928,118385.273,60.906,3644
 1929,118457.070,71.795,3644
 1930,118527.906,70.841,3644
 1931,118587.242,59.341,3644
 1932,118662.164,74.920,3644
 1933,118725.680,63.507,3644
 1934,118795.719,70.044,3644
 1935,118864.359,68.637,3644
 1936,118936.102,71.747,3644
 1937,118998.211,62.106,3644
 1938,119070.953,72.740,3644
 1939,119136.680,65.731,3644
 1940,119209.992,73.307,3644
 1941,119277.383,67.398,3644
 1942,119347.609,70.218,3644
 1943,119408.914,61.313,3644
 1944,119480.906,71.994,3644
 1945,119550.625,69.708,3644
 1946,119616.273,65.648,3644
 1947,119688.531,72.267,3644
 1948,119754.289,65.752,3644
 1949,119819.961,65.669,3644
 1950,119891.398,71.440,3644
 1951,119958.438,67.042,3644
 1952,120025.797,67.362,3644
 1953,120097.422,71.626,3644
 1954,120170.297,72.873,3644
 1955,120241.898,71.607,3644
 1956,120302.727,60.818,3644
 1957,120380.898,78.178,3644
 1958,120444.656,63.751,3644
 1959,120508.219,63.572,3644
 1960,120581.188,72.964,3644
 1961,120647.922,66.737,3644
 1962,120716.719,68.794,3644
 1963,120792.219,75.500,3644
 1964,120858.008,65.783,3644
 1965,120932.016,74.010,3644
 1966,120994.031,62.021,3644
 1967,121071.469,77.437,3644
 1968,121134.242,62.780,3644
 1969,121207.586,73.336,3644
 1970,121284.328,76.740,3644
 1971,121352.031,67.706,3644
 1972,121419.320,67.288,3644
 1973,121494.516,75.195,3644
 1974,121566.313,71.795,3644
 1975,121630.906,64.600,3644
 1976,121705.242,74.334,3644
 1977,121771.938,66.689,3644
 1978,121847.031,75.101,3644
 1979,121915.172,68.139,3644
 1980,121987.672,72.495,3644
 1981,122065.234,77.572,3644
 1982,122134.313,69.066,3644
 1983,122200.906,66.607,3644
 1984,122270.727,69.815,3644
 1985,122336.969,66.237,3644
 1986,122411.367,74.398,3644
 1987,122482.078,70.712,3644
 1988,122551.078,68.999,3644
 1989,122624.367,73.289,3644
 1990,122693.984,69.619,3644
 1991,122768.344,74.358,3644
 1992,122836.477,68.141,3644
 1993,122910.617,74.132,3644
 1994,122973.938,63.322,3644
 1995,123047.805,73.873,3644
 1996,123124.320,76.512,3644
 1997,123189.289,64.964,3644
 1998,123257.531,68.250,3644
 1999,123340.633,83.094,3644
 2000,123407.648,67.018,3644
 2001,123480.938,73.285,3644
 2002,123553.320,72.390,3644
 2003,123620.961,67.637,3644
 2004,123700.094,79.136,3644
 2005,123764.656,64.559,3644
 2006,123837.609,72.951,3644
 2007,123910.297,72.693,3644
 2008,123989.273,78.969,3644
 2009,124073.727,84.461,3644
 2010,124125.367,51.640,3644
 2011,124199.633,74.266,3644
 2012,124274.195,74.563,3644
 2013,124344.250,70.055,3644
 2014,124420.992,76.738,3644
 2015,124491.711,70.719,3644
 2016,124568.141,76.437,3644
 2017,124635.563,67.418,3644
 2018,124713.555,77.997,3644
 2019,124780.820,67.259,3644
 2020,124859.406,78.586,3644
 2021,124925.258,65.848,3644
 2022,125000.734,75.483,3644
 2023,125077.375,76.641,3644
 2024,125144.336,66.954,3644
 2025,125220.008,75.675,3644
 2026,125289.773,69.770,3644
 2027,125358.195,68.425,3644
 2028,125431.172,72.971,3644
 2029,125508.789,77.617,3644
 2030,125578.711,69.925,3644
 2031,125651.742,73.027,3644
 2032,125726.023,74.282,3644
 2033,125787.594,61.570,3644
 2034,125861.781,74.187,3644
 2035,125935.422,73.640,3644
 2036,126009.125,73.702,3644
 2037,126076.641,67.514,3644
 2038,126148.625,71.989,3644
 2039,126213.930,65.305,3644
 2040,126295.625,81.691,3644
 2041,126361.617,65.994,3644
 2042,126433.555,71.944,3644
 2043,126507.859,74.304,3644
 2044,126572.852,64.991,3644
 2045,126646.281,73.427,3644
 2046,126721.422,75.142,3644
 2047,126788.344,66.921,3644
 2048,126859.406,71.064,3644
 2049,126934.242,74.837,3644
 2050,127002.531,68.292,3644
 2051,127079.883,77.347,3644
 2052,127143.773,63.893,3644
 2053,127215.188,71.417,3644
 2054,127292.945,77.746,3644
 2055,127361.242,68.306,3644
 2056,127434.719,73.469,3644
 2057,127505.281,70.563,3644
 2058,127568.484,63.209,3644
 2059,127644.070,75.579,3644
 2060,127712.992,68.926,3644
 2061,127779.742,66.753,3644
 2062,127850.125,70.381,3644
 2063,127928.820,78.697,3644
 2064,127999.398,70.575,3644
 2065,128067.594,68.188,3644
 2066,128138.602,71.011,3644
 2067,128204.313,65.713,3644
 2068,128277.383,73.068,3644
 2069,128342.875,65.502,3644
 2070,128418.813,75.937,3644
 2071,128486.289,67.467,3644
 2072,128564.172,77.892,3644
 2073,128634.219,70.044,3644
 2074,128702.680,68.456,3644
 2075,128777.305,74.629,3644
 2076,128843.273,65.968,3644
 2077,128920.086,76.810,3644
 2078,128991.813,71.735,3644
 2079,129062.336,70.519,3644
 2080,129131.664,69.323,3644
 2081,129200.539,68.883,3644
 2082,129271.734,71.193,3644
 2083,129342.203,70.470,3644
 2084,129411.820,69.615,3644
 2085,129489.078,77.253,3644
 2086,129554.344,65.266,3644
 2087,129626.828,72.490,3644
 2088,129700.977,74.147,3644
 2089,129771.367,70.387,3644
 2090,129836.648,65.282,3644
 2091,129909.219,72.578,3644
 2092,129980.391,71.165,3644
 2093,130048.969,68.573,3644
 2094,130120.883,71.921,3644
 2095,130192.094,71.209,3644
 2096,130268.453,76.366,3644
 2097,130339.969,71.506,3644
 2098,130410.922,70.956,3644
 2099,130476.172,65.255,3644
 2100,130560.523,84.351,3644
 2101,130620.898,60.374,3644
 2102,130690.898,70.004,3644
 2103,130760.586,69.679,3644
 2104,130833.297,72.710,3644
 2105,130901.648,68.353,3644
 2106,130979.617,77.971,3644
 2107,131053.531,73.915,3644
 2108,131119.750,66.217,3644
 2109,131190.281,70.528,3644
 2110,131266.125,75.837,3644
 2111,131336.313,70.205,3644
 2112,131403.719,67.396,3644
 2113,131474.500,70.781,3644
 2114,131548.063,73.569,3644
 2115,131615.844,67.772,3644
 2116,131688.813,72.979,3644
 2117,131757.625,68.814,3644
 2118,131825.859,68.226,3644
 2119,131898.781,72.915,3644
 2120,131968.641,69.875,3644
 2121,132035.313,66.666,3644
 2122,132108.547,73.228,3644
 2123,132179.656,71.116,3644
 2124,132252.047,72.399,3644
 2125,132314.000,61.943,3644
 2126,132393.375,79.387,3644
 2127,132463.406,70.018,3644
 2128,132528.047,64.642,3644
 2129,132595.719,67.670,3644
 2130,132668.438,72.713,3644
 2131,132745.500,77.066,3644
 2132,132808.906,63.406,3644
 2133,132873.281,64.386,3644
 2134,132947.516,74.222,3644
 2135,133011.000,63.499,3644
 2136,133083.016,72.010,3644
 2137,133163.594,80.584,3644
 2138,133231.094,67.488,3644
 2139,133305.641,74.554,3644
 2140,133374.516,68.866,3644
 2141,133450.188,75.679,3644
 2142,133520.906,70.725,3644
 2143,133591.891,70.984,3644
 2144,133663.922,72.019,3644
 2145,133738.484,74.563,3612
 2146,133813.891,75.412,3612
 2147,133881.516,67.615,3612
 2148,133953.625,72.120,3612
 2149,134031.016,77.395,3612
 2150,134093.797,62.767,3612
 2151,134171.203,77.418,3612
 2152,134241.250,70.045,3612
 2153,134313.188,71.942,3612
 2154,134390.563,77.371,3612
 2155,134465.328,74.767,3612
 2156,134537.922,72.588,3612
 2157,134614.484,76.565,3612
 2158,134677.703,63.210,3612
 2159,134744.547,66.851,3612
 2160,134812.875,68.318,3612
 2161,134871.156,58.300,3612
 2162,134943.391,72.229,3612
 2163,135007.109,63.719,3612
 2164,135078.297,71.177,3612
 2165,135137.047,58.751,3612
 2166,135205.875,68.835,3612
 2167,135279.688,73.820,3612
 2168,135334.422,54.735,3612
 2169,135403.828,69.398,3612
 2170,135464.484,60.666,3612
 2171,135537.078,72.582,3612
 2172,135598.641,61.569,3612
 2173,135663.344,64.712,3612
 2174,135728.859,65.495,3612
 2175,135798.484,69.631,3612
 2176,135867.672,69.186,3612
 2177,135935.813,68.152,3612
 2178,135997.625,61.809,3612
 2179,136067.922,70.295,3612
 2180,136131.359,63.434,3612
 2181,136196.469,65.118,3612
 2182,136264.813,68.335,3612
 2183,136332.813,67.995,3612
 2184,136397.563,64.751,3612
 2185,136465.484,67.928,3612
 2186,136525.453,59.959,3612
 2187,136597.375,71.935,3612
 2188,136658.656,61.278,3612
 2189,136721.953,63.305,3612
 2190,136795.125,73.162,3612
 2191,136859.656,64.532,3612
 2192,136927.906,68.259,3612
 2193,136987.594,59.668,3612
 2194,137056.656,69.086,3612
 2195,137121.797,65.129,3612
 2196,137180.547,58.753,3612
 2197,137250.188,69.633,3612
 2198,137312.906,62.716,3612
 2199,137379.203,66.310,3612
 2200,137440.688,61.481,3612
 2201,137506.500,65.815,3612
 2202,137574.297,67.794,3612
 2203,137636.969,62.673,3612
 2204,137707.703,70.728,3612
 2205,137773.375,65.684,3612
 2206,137832.391,59.006,3612
 2207,137901.078,68.688,3612
 2208,137962.219,61.140,3612
 2209,138028.875,66.652,3612
 2210,138090.156,61.284,3612
 2211,138158.234,68.082,3612
 2212,138223.891,65.658,3612
 2213,138285.859,61.970,3612
 2214,138353.453,67.585,3612
 2215,138419.016,65.563,3612
 2216,138484.750,65.721,3612
 2217,138546.047,61.325,3612
 2218,138612.891,66.828,3612
 2219,138675.781,62.896,3612
 2220,138738.344,62.560,3612
 2221,138803.531,65.184,3612
 2222,138866.594,63.078,3612
 2223,138931.953,65.348,3612
 2224,138998.234,66.282,3612
 2225,139061.047,62.813,3612
 2226,139123.969,62.920,3612
 2227,139186.125,62.153,3612
 2228,139258.844,72.716,3612
 2229,139322.234,63.393,3612
 2230,139383.766,61.534,3612
 2231,139447.031,63.261,3612
 2232,139511.703,64.677,3612
 2233,139573.266,61.572,3612
 2234,139639.172,65.903,3612
 2235,139707.922,68.751,3612
 2236,139770.828,62.902,3612
 2237,139840.953,70.113,3612
 2238,139903.844,62.907,3612
 2239,139969.313,65.460,3612
 2240,140033.031,63.722,3612
 2241,140091.891,58.862,3612
 2242,140165.063,73.160,3612
 2243,140229.031,63.983,3612
 2244,140294.125,65.076,3612
 2245,140353.672,59.551,3612
 2246,140423.969,70.308,3612
 2247,140488.859,64.886,3612
 2248,140549.641,60.783,3612
 2249,140617.922,68.288,3612
 2250,140683.266,65.334,3612
 2251,140758.016,74.762,3612
 2252,140810.000,51.987,3612
 2253,140881.063,71.057,3612
 2254,140944.250,63.173,3612
 2255,141010.203,65.959,3612
 2256,141075.109,64.910,3612
 2257,141140.031,64.922,3612
 2258,141210.219,70.173,3612
 2259,141272.156,61.938,3612
 2260,141337.188,65.040,3612
 2261,141406.703,69.521,3612
 2262,141473.078,66.372,3612
 2263,141540.156,67.077,3612
 2264,141606.969,66.816,3612
 2265,141669.438,62.460,3612
 2266,141737.594,68.164,3612
 2267,141798.172,60.573,3612
 2268,141862.609,64.445,3612
 2269,141929.375,66.777,3612
 2270,141993.031,63.633,3612
 2271,142056.703,63.686,3612
 2272,142121.203,64.496,3612
 2273,142190.859,69.650,3612
 2274,142254.344,63.490,3612
 2275,142320.922,66.579,3612
 2276,142383.844,62.920,3612
 2277,142449.406,65.552,3612
 2278,142514.578,65.184,3612
 2279,142579.703,65.117,3612
 2280,142646.734,67.032,3612
 2281,142711.438,64.697,3612
 2282,142772.094,60.663,3612
 2283,142835.875,63.798,3612
 2284,142905.359,69.480,3612
 2285,142965.375,60.017,3612
 2286,143034.109,68.719,3612
 2287,143098.281,64.178,3612
 2288,143158.375,60.093,3612
 2289,143223.797,65.420,3612
 2290,143289.641,65.844,3612
 2291,143351.797,62.161,3612
 2292,143415.922,64.131,3612
 2293,143476.547,60.624,3612
 2294,143542.313,65.763,3612
 2295,143609.266,66.950,3612
 2296,143669.984,60.717,3612
 2297,143733.313,63.333,3612
 2298,143799.625,66.302,3644
 2299,143867.578,67.963,3644
 2300,143929.266,61.687,3644
 2301,144001.125,71.852,3644
 2302,144070.063,68.937,3644
 2303,144131.672,61.612,3644
 2304,144193.281,61.624,3644
 2305,144262.406,69.114,3644
 2306,144331.563,69.148,3644
 2307,144403.344,71.798,3644
 2308,144474.875,71.513,3644
 2309,144543.094,68.227,3644
 2310,144621.016,77.915,3644
 2311,144691.953,70.952,3644
 2312,144763.141,71.181,3644
 2313,144834.406,71.265,3644
 2314,144903.172,68.770,3644
 2315,144975.984,72.811,3644
 2316,145051.594,75.597,3644
 2317,145121.000,69.420,3644
 2318,145198.734,77.723,3644
 2319,145265.781,67.059,3644
 2320,145340.000,74.218,3644
 2321,145411.391,71.383,3644
 2322,145487.516,76.127,3644
 2323,145555.656,68.134,3644
 2324,145625.781,70.135,3644
 2325,145702.188,76.406,3644
 2326,145771.000,68.806,3644
 2327,145842.016,71.019,3644
 2328,145916.359,74.338,3644
 2329,145996.891,80.537,3644
 2330,146058.563,61.675,3644
 2331,146130.922,72.358,3644
 2332,146204.063,73.133,3644
 2333,146278.516,74.462,3644
 2334,146350.234,71.710,3644
 2335,146423.219,73.000,3644
 2336,146496.891,73.656,3644
 2337,146567.531,70.638,3644
 2338,146637.813,70.287,3644
 2339,146712.000,74.203,3644
 2340,146784.219,72.206,3644
 2341,146852.484,68.262,3644
 2342,146923.688,71.208,3644
 2343,146998.719,75.017,3644
 2344,147079.625,80.921,3644
 2345,147153.078,73.452,3644
 2346,147220.016,66.946,3644
 2347,147298.359,78.331,3644
 2348,147366.234,67.881,3644
 2349,147435.578,69.346,3644
 2350,147512.203,76.616,3644
 2351,147580.406,68.211,3644
 2352,147652.063,71.653,3644
 2353,147722.906,70.847,3644
 2354,147794.641,71.732,3644
 2355,147863.563,68.913,3644
 2356,147934.094,70.526,3644
 2357,148011.344,77.271,3644
 2358,148079.594,68.243,3644
 2359,148156.672,77.083,3644
 2360,148225.766,69.096,3644
 2361,148295.234,69.468,3644
 2362,148367.984,72.749,3644
 2363,148438.000,70.015,3644
 2364,148508.547,70.541,3644
 2365,148581.094,72.543,3644
 2366,148651.344,70.256,3644
 2367,148727.625,76.272,3644
 2368,148796.188,68.568,3644
 2369,148870.391,74.207,3644
 2370,148941.328,70.941,3644
 2371,149012.297,70.954,3644
 2372,149083.141,70.858,3644
 2373,149157.766,74.620,3644
 2374,149223.984,66.228,3644
 2375,149303.516,79.513,3644
 2376,149375.656,72.144,3644
 2377,149442.844,67.188,3644
 2378,149516.156,73.317,3644
 2379,149585.219,69.067,3644
 2380,149650.250,65.031,3644
 2381,149721.328,71.077,3644
 2382,149802.609,81.284,3644
 2383,149861.891,59.289,3644
 2384,149939.891,77.996,3644
 2385,150013.656,73.760,3644
 2386,150078.813,65.150,3644
 2387,150152.875,74.060,3644
 2388,150228.594,75.733,3644
 2389,150293.516,64.914,3644
 2390,150367.469,73.948,3644
 2391,150436.531,69.075,3644
 2392,150506.781,70.232,3644
 2393,150576.891,70.118,3644
 2394,150646.203,69.315,3644
 2395,150712.844,66.643,3644
 2396,150786.656,73.813,3644
 2397,150854.844,68.184,3644
 2398,150928.344,73.500,3644
 2399,150999.313,70.981,3644
 2400,151071.000,71.678,3644
 2401,151140.219,69.210,3644
 2402,151210.813,70.599,3644
 2403,151279.234,68.420,3644
 2404,151350.000,70.775,3644
 2405,151424.203,74.185,3644
 2406,151494.250,70.051,3644
 2407,151569.672,75.421,3644
 2408,151643.859,74.200,3644
 2409,151710.078,66.202,3644
 2410,151783.422,73.350,3644
 2411,151851.656,68.245,3644
 2412,151927.469,75.802,3644
 2413,151993.328,65.873,3644
 2414,152064.250,70.908,3644
 2415,152130.766,66.516,3644
 2416,152198.453,67.694,3644
 2417,152272.953,74.499,3644
 2418,152342.328,69.381,3644
 2419,152415.016,72.674,3644
 2420,152484.172,69.159,3644
 2421,152553.109,68.939,3644
 2422,152626.375,73.274,3644
 2423,152693.859,67.475,3644
 2424,152760.875,67.020,3644
 2425,152828.391,67.524,3644
 2426,152899.219,70.828,3644
 2427,152970.844,71.614,3644
 2428,153043.391,72.545,3644
 2429,153113.656,70.265,3644
 2430,153182.734,69.072,3644
 2431,153254.844,72.113,3644
 2432,153323.641,68.804,3644
 2433,153394.109,70.469,3644
 2434,153460.875,66.769,3644
 2435,153527.734,66.864,3644
 2436,153596.078,68.330,3644
 2437,153671.734,75.666,3644
 2438,153736.531,64.803,3644
 2439,153811.438,74.896,3644
 2440,153875.859,64.425,3644
 2441,153950.609,74.755,3644
 2442,154014.094,63.462,3644
 2443,154087.547,73.462,3644
 2444,154159.438,71.889,3644
 2445,154231.297,71.874,3644
 2446,154299.234,67.929,3644
 2447,154364.469,65.242,3644
 2448,154433.750,69.282,3644
 2449,154508.000,74.255,3644
 2450,154573.531,65.515,3644
 2451,154645.000,71.475,3644
 2452,154714.297,69.298,3644
 2453,154785.844,71.541,3644
 2454,154857.500,71.649,3644
 2455,154923.953,66.469,3644
 2456,155000.625,76.678,3644
 2457,155069.453,68.818,3644
 2458,155136.109,66.655,3644
 2459,155207.047,70.930,3644
 2460,155280.969,73.924,3644
 2461,155342.719,61.747,3644
 2462,155420.641,77.929,3644
 2463,155488.422,67.791,3644
 2464,155551.578,63.139,3644
 2465,155617.406,65.831,3644
 2466,155680.750,63.341,3644
 2467,155739.984,59.255,3644
 2468,155801.281,61.292,3644
 2469,155861.203,59.919,3644
 2470,155928.906,67.688,3644
 2471,155989.859,60.969,3644
 2472,156049.141,59.275,3644
 2473,156108.641,59.501,3612
 2474,156173.828,65.187,3612
 2475,156230.016,56.196,3612
 2476,156294.531,64.506,3612
 2477,156353.141,58.609,3612
 2478,156414.141,60.990,3612
 2479,156477.484,63.349,3612
 2480,156542.125,64.643,3612
 2481,156607.172,65.055,3612
 2482,156668.828,61.644,3612
 2483,156730.156,61.323,3612
 2484,156789.516,59.366,3612
 2485,156847.797,58.288,3612
 2486,156912.047,64.245,3612
 2487,156970.875,58.832,3612
 2488,157033.188,62.324,3612
 2489,157095.313,62.128,3612
 2490,157150.984,55.665,3612
 2491,157210.891,59.888,3612
 2492,157278.344,67.459,3612
 2493,157332.000,53.670,3612
 2494,157394.984,62.982,3612
 2495,157457.594,62.608,3612
 2496,157517.547,59.947,3612
 2497,157580.922,63.375,3612
 2498,157637.281,56.363,3612
 2499,157703.141,65.852,3612
 2500,157760.094,56.951,3612
 2501,157824.156,64.070,3612
 2502,157883.625,59.472,3612
 2503,157948.125,64.485,3612
 2504,158011.500,63.379,3612
 2505,158071.984,60.494,3612
 2506,158130.875,58.881,3612
 2507,158194.938,64.075,3612
 2508,158253.703,58.764,3612
 2509,158320.594,66.899,3612
 2510,158376.859,56.249,3612
 2511,158444.672,67.821,3612
 2512,158504.359,59.691,3612
 2513,158564.203,59.837,3612
 2514,158625.219,61.016,3612
 2515,158689.391,64.164,3612
 2516,158746.344,56.967,3612
 2517,158811.813,65.461,3612
 2518,158867.813,56.005,3612
 2519,158931.203,63.393,3612
 2520,158992.297,61.080,3612
 2521,159055.625,63.330,3612
 2522,159115.703,60.079,3612
 2523,159182.078,66.376,3612
 2524,159240.891,58.817,3612
 2525,159300.984,60.094,3612
 2526,159365.500,64.506,3612
 2527,159420.875,55.388,3612
 2528,159486.406,65.525,3612
 2529,159542.000,55.596,3612
 2530,159603.359,61.348,3612
 2531,159664.609,61.263,3612
 2532,159725.203,60.589,3612
 2533,159784.031,58.829,3612
 2534,159852.000,67.979,3612
 2535,159905.156,53.159,3612
 2536,159971.000,65.835,3612
 2537,160028.188,57.176,3612
 2538,160091.594,63.405,3612
 2539,160152.141,60.551,3612
 2540,160209.734,57.605,3612
 2541,160270.906,61.158,3612
 2542,160329.328,58.432,3612
 2543,160393.734,64.399,3612
 2544,160453.156,59.439,3612
 2545,160516.219,63.047,3612
 2546,160573.953,57.752,3612
 2547,160636.188,62.224,3612
 2548,160704.125,67.931,3612
 2549,160757.969,53.847,3612
 2550,160814.203,56.225,3612
 2551,160875.500,61.310,3612
 2552,160937.500,61.997,3612
 2553,160997.969,60.479,3612
 2554,161058.344,60.362,3612
 2555,161123.000,64.653,3612
 2556,161182.844,59.851,3612
 2557,161245.609,62.760,3612
 2558,161302.188,56.579,3612
 2559,161370.344,68.158,3612
 