Frame, Time (ms), Delta (ms) , Memory (mb)
    1, 0.000, 0.000,2837
    2,64.167,64.167,3903
    3,129.043,64.876,3903
    4,198.901,69.858,3903
    5,264.033,65.132,3903
    6,335.538,71.505,3903
    7,400.858,65.320,3903
    8,475.199,74.341,3903
    9,543.258,68.059,3903
   10,621.166,77.908,3903
   11,689.969,68.803,3903
   12,760.865,70.896,3903
   13,835.061,74.196,3903
   14,910.944,75.883,3903
   15,980.214,69.270,3903
   16,1056.906,76.692,3903
   17,1131.537,74.631,3903
   18,1205.752,74.215,3903
   19,1276.974,71.222,3903
   20,1352.867,75.893,3903
   21,1428.406,75.539,3903
   22,1502.384,73.978,3903
   23,1572.836,70.452,3903
   24,1641.885,69.049,3903
   25,1714.222,72.337,3903
   26,1789.753,75.531,3903
   27,1859.476,69.723,3903
   28,1934.598,75.122,3903
   29,2008.596,73.998,3903
   30,2079.308,70.712,3903
   31,2148.418,69.110,3903
   32,2225.982,77.564,3903
   33,2300.755,74.773,3903
   34,2371.100,70.345,3903
   35,2446.862,75.762,3905
   36,2518.851,71.989,3905
   37,2587.317,68.466,3905
   38,2663.197,75.880,3905
   39,2733.524,70.327,3905
   40,2805.896,72.372,3905
   41,2880.249,74.353,3905
   42,2954.372,74.123,3905
   43,3024.324,69.952,3905
   44,3097.862,73.538,3905
   45,3166.385,68.523,3905
   46,3240.872,74.487,3905
   47,3309.769,68.897,3905
   48,3389.544,79.775,3905
   49,3460.846,71.302,3905
   50,3535.460,74.614,3905
   51,3606.515,71.055,3905
   52,3682.532,76.017,3905
   53,3752.804,70.272,3903
   54,3823.420,70.616,3903
   55,3898.201,74.781,3903
   56,3976.614,78.413,3903
   57,4048.695,72.081,3903
   58,4126.209,77.514,3903
   59,4198.842,72.633,3903
   60,4276.031,77.189,3903
   61,4349.169,73.138,3903
   62,4426.468,77.299,3903
   63,4496.838,70.370,3903
   64,4573.491,76.653,3903
   65,4647.673,74.182,3903
   66,4720.047,72.374,3903
   67,4789.947,69.900,3903
   68,4862.175,72.228,3903
   69,4930.339,68.164,3903
   70,5000.106,69.767,3903
   71,5068.179,68.073,3903
   72,5141.032,72.853,3903
   73,5207.600,66.568,3903
   74,5276.949,69.349,3903
   75,5348.161,71.212,3903
   76,5423.905,75.744,3903
   77,5491.966,68.061,3903
   78,5565.771,73.804,3903
   79,5631.273,65.503,3903
   80,5701.723,70.450,3903
   81,5772.158,70.435,3903
   82,5846.958,74.799,3903
   83,5912.542,65.585,3903
   84,5981.738,69.196,3903
   85,6049.986,68.248,3903
   86,6125.098,75.112,3903
   87,6188.801,63.703,3903
   88,6261.365,72.564,3903
   89,6329.940,68.575,3903
   90,6400.886,70.946,3903
   91,6468.907,68.021,3903
   92,6539.535,70.628,3903
   93,6607.405,67.870,3903
   94,6677.054,69.649,3903
   95,6743.240,66.186,3903
   96,6811.396,68.155,3903
   97,6881.255,69.860,3903
   98,6950.907,69.652,3903
   99,7017.718,66.811,3903
  100,7095.755,78.037,3903
  101,7163.926,68.171,3903
  102,7242.045,78.119,3903
  103,7309.063,67.017,3903
  104,7378.962,69.900,3903
  105,7446.577,67.615,3903
  106,7519.671,73.094,3903
  107,7592.051,72.380,3903
  108,7668.551,76.500,3903
  109,7737.623,69.071,3903
  110,7814.944,77.322,3903
  111,7886.381,71.437,3903
  112,7959.721,73.340,3903
  113,8030.008,70.287,3903
  114,8101.625,71.616,3903
  115,8170.582,68.957,3903
  116,8250.859,80.278,3903
  117,8323.062,72.202,3903
  118,8401.396,78.334,3903
  119,8471.871,70.476,3903
  120,8542.814,70.943,3903
  121,8611.665,68.851,3903
  122,8688.715,77.049,3903
  123,8759.706,70.992,3903
  124,8837.457,77.751,3903
  125,8911.058,73.600,3903
  126,8990.693,79.636,3903
  127,9063.382,72.688,3903
  128,9142.751,79.370,3903
  129,9213.591,70.839,3903
  130,9294.512,80.921,3903
  131,9369.263,74.751,3903
  132,9445.246,75.984,3903
  133,9512.888,67.641,3903
  134,9586.757,73.869,3903
  135,9657.422,70.665,3903
  136,9735.564,78.143,3903
  137,9809.689,74.125,3903
  138,9885.786,76.097,3903
  139,9952.554,66.767,3903
  140,10030.625,78.072,3903
  141,10096.188,65.562,3903
  142,10178.909,82.722,3903
  143,10249.784,70.875,3903
  144,10327.411,77.627,3903
  145,10397.270,69.858,3903
  146,10474.452,77.183,3905
  147,10543.384,68.931,3905
  148,10617.933,74.549,3905
  149,10687.537,69.605,3905
  150,10762.609,75.072,3905
  151,10833.164,70.555,3905
  152,10910.175,77.010,3905
  153,10978.700,68.526,3905
  154,11059.269,80.568,3905
  155,11130.018,70.749,3907
  156,11208.575,78.558,3907
  157,11285.272,76.697,3909
  158,11367.301,82.028,3909
  159,11442.379,75.078,3907
  160,11522.613,80.235,3907
  161,11596.159,73.546,3907
  162,11675.807,79.647,3907
  163,11750.245,74.439,3909
  164,11826.788,76.543,3909
  165,11899.329,72.541,3909
  166,11978.755,79.425,3909
  167,12054.592,75.837,3909
  168,12131.762,77.170,3909
  169,12207.033,75.272,3909
  170,12287.637,80.603,3909
  171,12360.816,73.180,3909
  172,12440.368,79.552,3909
  173,12514.415,74.046,3909
  174,12590.879,76.464,3909
  175,12664.304,73.425,3909
  176,12747.908,83.605,3909
  177,12822.458,74.549,3909
  178,12909.399,86.942,3909
  179,12976.247,66.847,3909
  180,13048.467,72.220,3909
  181,13125.070,76.604,3909
  182,13206.367,81.297,3909
  183,13274.763,68.395,3909
  184,13355.254,80.491,3909
  185,13424.669,69.415,3909
  186,13500.628,75.959,3909
  187,13572.507,71.879,3909
  188,13650.646,78.140,3909
  189,13724.293,73.646,3911
  190,13799.856,75.564,3911
  191,13875.422,75.565,3911
  192,13955.369,79.947,3911
  193,14029.502,74.133,3911
  194,14105.759,76.257,3911
  195,14183.240,77.482,3911
  196,14262.164,78.923,3911
  197,14337.674,75.510,3911
  198,14413.677,76.003,3911
  199,14489.952,76.275,3911
  200,14570.578,80.626,3911
  201,14646.695,76.118,3911
  202,14727.429,80.733,3911
  203,14804.551,77.122,3911
  204,14888.938,84.388,3911
  205,14963.399,74.461,3911
  206,15049.265,85.865,3911
  207,15121.890,72.625,3911
  208,15203.501,81.611,3911
  209,15282.261,78.760,3911
  210,15366.269,84.008,3911
  211,15443.405,77.137,3911
  212,15523.927,80.521,3911
  213,15595.998,72.071,3911
  214,15675.470,79.472,3911
  215,15751.457,75.987,3911
  216,15829.075,77.618,3911
  217,15901.713,72.638,3911
  218,15983.120,81.407,3911
  219,16057.060,73.940,3911
  220,16137.873,80.813,3911
  221,16209.453,71.580,3911
  222,16289.229,79.777,3911
  223,16363.979,74.749,3911
  224,16436.875,72.897,3911
  225,16511.592,74.716,3911
  226,16596.516,84.923,3911
  227,16669.955,73.440,3911
  228,16752.742,82.787,3911
  229,16830.006,77.265,3911
  230,16910.301,80.293,3911
  231,16982.832,72.534,3911
  232,17067.475,84.641,3911
  233,17136.682,69.207,3911
  234,17220.545,83.863,3911
  235,17295.633,75.089,3911
  236,17372.832,77.198,3911
  237,17451.033,78.200,3911
  238,17533.332,82.300,3911
  239,17609.213,75.880,3911
  240,17691.305,82.094,3911
  241,17765.035,73.729,3911
  242,17845.357,80.321,3911
  243,17919.617,74.260,3911
  244,18003.270,83.654,3911
  245,18072.689,69.419,3911
  246,18154.861,82.173,3911
  247,18225.205,70.344,3911
  248,18308.139,82.933,3911
  249,18380.129,71.991,3911
  250,18460.160,80.031,3911
  251,18536.713,76.552,3909
  252,18617.434,80.721,3909
  253,18690.389,72.954,3909
  254,18770.920,80.534,3909
  255,18841.045,70.123,3909
  256,18926.836,85.791,3909
  257,18991.916,65.081,3909
  258,19075.773,83.856,3909
  259,19143.836,68.063,3909
  260,19225.354,81.516,3909
  261,19291.713,66.360,3909
  262,19375.445,83.733,3909
  263,19445.494,70.050,3909
  264,19526.217,80.722,3909
  265,19599.533,73.316,3909
  266,19678.732,79.201,3909
  267,19747.088,68.353,3909
  268,19833.041,85.955,3909
  269,19900.176,67.133,3909
  270,19976.045,75.871,3909
  271,20046.000,69.956,3909
  272,20124.377,78.376,3909
  273,20197.820,73.443,3909
  274,20276.119,78.298,3909
  275,20348.750,72.632,3909
  276,20427.480,78.730,3909
  277,20501.701,74.221,3909
  278,20574.951,73.249,3909
  279,20647.029,72.077,3909
  280,20723.258,76.229,3909
  281,20800.354,77.095,3909
  282,20873.186,72.832,3909
  283,20949.266,76.080,3909
  284,21026.207,76.943,3909
  285,21100.160,73.953,3909
  286,21177.508,77.347,3905
  287,21245.084,67.576,3905
  288,21325.584,80.500,3905
  289,21392.418,66.834,3905
  290,21467.602,75.185,3905
  291,21539.355,71.753,3905
  292,21615.020,75.664,3905
  293,21680.611,65.592,3905
  294,21756.861,76.249,3905
  295,21828.762,71.900,3905
  296,21907.211,78.451,3905
  297,21976.645,69.434,3905
  298,22055.381,78.736,3905
  299,22123.900,68.519,3905
  300,22201.129,77.228,3905
  301,22276.602,75.474,3905
  302,22348.049,71.447,3905
  303,22412.938,64.887,3905
  304,22491.869,78.934,3905
  305,22564.170,72.298,3905
  306,22635.105,70.938,3905
  307,22703.170,68.064,3905
  308,22772.000,68.829,3905
  309,22843.389,71.391,3905
  310,22913.787,70.397,3905
  311,22984.748,70.960,3905
  312,23064.764,80.016,3905
  313,23135.408,70.646,3905
  314,23209.629,74.221,3905
  315,23278.840,69.209,3905
  316,23356.838,77.998,3905
  317,23428.236,71.401,3905
  318,23504.693,76.455,3905
  319,23577.236,72.543,3905
  320,23653.199,75.963,3905
  321,23720.449,67.250,3905
  322,23796.928,76.478,3905
  323,23867.801,70.874,3905
  324,23946.148,78.347,3905
  325,24016.746,70.598,3905
  326,24097.041,80.295,3905
  327,24167.094,70.052,3905
  328,24247.381,80.289,3905
  329,24318.924,71.541,3905
  330,24399.025,80.101,3905
  331,24470.906,71.883,3905
  332,24551.357,80.450,3905
  333,24627.045,75.687,3905
  334,24704.768,77.723,3905
  335,24780.434,75.667,3905
  336,24857.863,77.429,3905
  337,24925.510,67.645,3905
  338,25002.434,76.925,3905
  339,25072.010,69.577,3905
  340,25148.770,76.760,3905
  341,25217.457,68.686,3905
  342,25300.152,82.696,3905
  343,25367.711,67.559,3905
  344,25441.402,73.692,3905
  345,25516.732,75.329,3905
  346,25597.494,80.760,3905
  347,25670.789,73.298,3905
  348,25754.342,83.551,3905
  349,25826.557,72.217,3905
  350,25905.744,79.185,3905
  351,25978.734,72.992,3903
  352,26049.885,71.150,3903
  353,26121.375,71.490,3903
  354,26193.049,71.674,3905
  355,26264.918,71.867,3905
  356,26338.791,73.875,3905
  357,26409.869,71.079,3905
  358,26483.293,73.423,3905
  359,26550.854,67.559,3905
  360,26627.316,76.464,3905
  361,26698.846,71.530,3905
  362,26774.721,75.876,3905
  363,26848.049,73.326,3905
  364,26915.830,67.781,3905
  365,26985.406,69.577,3905
  366,27059.736,74.332,3907
  367,27130.477,70.740,3907
  368,27208.898,78.421,3907
  369,27282.926,74.025,3907
  370,27360.965,78.041,3907
  371,27430.141,69.175,3907
  372,27505.322,75.182,3907
  373,27576.021,70.700,3907
  374,27656.574,80.552,3907
  375,27728.389,71.815,3907
  376,27804.779,76.390,3907
  377,27874.400,69.623,3907
  378,27945.898,71.497,3907
  379,28022.914,77.014,3907
  380,28102.100,79.186,3907
  381,28169.094,66.994,3907
  382,28248.689,79.596,3907
  383,28317.438,68.747,3907
  384,28397.361,79.924,3907
  385,28470.625,73.266,3907
  386,28547.641,77.016,3907
  387,28620.385,72.743,3907
  388,28692.469,72.085,3907
  389,28767.465,74.996,3907
  390,28844.137,76.672,3907
  391,28911.098,66.959,3907
  392,28986.949,75.852,3907
  393,29059.625,72.677,3907
  394,29135.869,76.244,3907
  395,29204.521,68.650,3907
  396,29280.197,75.677,3907
  397,29348.096,67.898,3907
  398,29419.170,71.074,3907
  399,29492.350,73.180,3907
  400,29568.186,75.837,3907
  401,29637.014,68.826,3907
  402,29711.688,74.675,3907
  403,29783.154,71.466,3907
  404,29858.926,75.773,3907
  405,29929.750,70.824,3907
  406,30001.201,71.452,3907
  407,30071.381,70.179,3907
  408,30141.889,70.508,3907
  409,30210.723,68.834,3907
  410,30287.221,76.497,3907
  411,30362.061,74.840,3907
  412,30432.354,70.293,3907
  413,30502.197,69.845,3907
  414,30581.623,79.425,3907
  415,30654.066,72.442,3907
  416,30729.541,75.477,3907
  417,30800.758,71.214,3907
  418,30876.805,76.048,3907
  419,30951.789,74.984,3907
  420,31025.555,73.767,3907
  421,31095.555,70.000,3907
  422,31187.029,91.474,3907
  423,31241.145,54.116,3907
  424,31319.639,78.494,3907
  425,31390.018,70.379,3907
  426,31464.926,74.907,3907
  427,31534.781,69.857,3907
  428,31609.250,74.468,3907
  429,31679.350,70.098,3907
  430,31755.057,75.710,3907
  431,31832.881,77.823,3907
  432,31908.410,75.528,3907
  433,31980.830,72.419,3907
  434,32053.133,72.305,3907
  435,32126.182,73.047,3907
  436,32195.137,68.957,3907
  437,32268.174,73.037,3907
  438,32346.117,77.942,3907
  439,32413.805,67.689,3907
  440,32483.986,70.179,3907
  441,32560.801,76.816,3907
  442,32629.006,68.206,3907
  443,32703.602,74.594,3907
  444,32775.039,71.438,3907
  445,32848.027,72.986,3907
  446,32922.637,74.611,3907
  447,32992.203,69.565,3907
  448,33066.953,74.753,3907
  449,33137.727,70.772,3907
  450,33211.492,73.766,3907
  451,33287.680,76.190,3907
  452,33357.695,70.014,3907
  453,33434.840,77.146,3907
  454,33514.867,80.023,3907
  455,33584.359,69.492,3907
  456,33664.715,80.358,3907
  457,33736.648,71.936,3907
  458,33811.855,75.203,3907
  459,33890.020,78.163,3907
  460,33963.211,73.191,3907
  461,34037.438,74.229,3907
  462,34115.281,77.847,3907
  463,34185.039,69.755,3907
  464,34261.027,75.988,3907
  465,34337.938,76.910,3907
  466,34416.598,78.661,3907
  467,34488.695,72.097,3907
  468,34564.215,75.519,3907
  469,34642.273,78.062,3907
  470,34712.508,70.235,3907
  471,34786.570,74.061,3907
  472,34857.141,70.570,3907
  473,34932.684,75.542,3907
  474,35000.504,67.820,3907
  475,35077.285,76.781,3907
  476,35144.832,67.551,3907
  477,35219.355,74.519,3907
  478,35297.898,78.543,3907
  479,35362.094,64.195,3907
  480,35441.055,78.962,3907
  481,35512.227,71.169,3907
  482,35590.801,78.580,3907
  483,35660.535,69.729,3907
  484,35734.359,73.826,3907
  485,35810.785,76.427,3907
  486,35890.176,79.391,3907
  487,35958.730,68.552,3907
  488,36033.730,75.000,3907
  489,36110.715,76.985,3907
  490,36191.086,80.373,3907
  491,36259.656,68.573,3907
  492,36338.023,78.362,3907
  493,36409.715,71.691,3907
  494,36491.156,81.445,3907
  495,36559.527,68.367,3907
  496,36630.574,71.048,3907
  497,36708.570,77.999,3907
  498,36779.734,71.162,3907
  499,36857.406,77.673,3907
  500,36931.082,73.673,3907
  501,37006.867,75.784,3907
  502,37075.555,68.688,3907
  503,37150.793,75.241,3907
  504,37228.910,78.118,3907
  505,37303.168,74.258,3907
  506,37385.020,81.848,3907
  507,37453.918,68.901,3907
  508,37530.559,76.640,3907
  509,37605.652,75.096,3907
  510,37676.668,71.017,3907
  511,37752.762,76.093,3907
  512,37827.223,74.459,3907
  513,37901.652,74.431,3907
  514,37977.883,76.230,3907
  515,38049.875,71.990,3907
  516,38133.758,83.883,3907
  517,38196.070,62.312,3907
  518,38268.883,72.812,3907
  519,38350.828,81.950,3907
  520,38426.738,75.906,3907
  521,38498.934,72.197,3907
  522,38573.434,74.502,3907
  523,38640.422,66.986,3907
  524,38721.184,80.761,3907
  525,38797.020,75.833,3907
  526,38869.660,72.645,3907
  527,38940.789,71.128,3907
  528,39019.074,78.283,3907
  529,39093.484,74.414,3907
  530,39178.441,84.956,3907
  531,39247.746,69.304,3907
  532,39326.441,78.697,3907
  533,39399.473,73.033,3907
  534,39477.906,78.428,3907
  535,39553.996,76.093,3907
  536,39629.883,75.887,3907
  537,39703.488,73.607,3907
  538,39776.336,72.848,3907
  539,39854.441,78.105,3907
  540,39934.145,79.702,3907
  541,40005.621,71.476,3907
  542,40082.223,76.601,3907
  543,40155.602,73.379,3907
  544,40231.066,75.462,3907
  545,40306.543,75.477,3907
  546,40382.238,75.698,3907
  547,40454.996,72.760,3907
  548,40534.566,79.568,3907
  549,40603.883,69.314,3907
  550,40689.609,85.728,3907
  551,40764.543,74.933,3907
  552,40835.578,71.038,3907
  553,40911.703,76.121,3907
  554,40990.430,78.728,3907
  555,41064.742,74.314,3907
  556,41145.102,80.360,3907
  557,41222.555,77.451,3907
  558,41301.039,78.483,3907
  559,41375.988,74.954,3907
  560,41460.945,84.953,3907
  561,41534.199,73.253,3907
  562,41606.289,72.091,3907
  563,41682.891,76.603,3907
  564,41762.059,79.166,3907
  565,41836.918,74.861,3907
  566,41917.656,80.742,3907
  567,41992.746,75.084,3907
  568,42077.129,84.384,3907
  569,42152.965,75.837,3907
  570,42228.277,75.312,3905
  571,42303.320,75.044,3905
  572,42390.309,86.988,3905
  573,42462.363,72.051,3905
  574,42546.328,83.969,3905
  575,42622.219,75.890,3905
  576,42694.699,72.480,3905
  577,42774.793,80.097,3905
  578,42857.359,82.563,3905
  579,42929.113,71.753,3905
  580,43016.215,87.102,3905
  581,43091.340,75.122,3905
  582,43169.715,78.376,3905
  583,43240.723,71.010,3905
  584,43323.516,82.792,3905
  585,43401.355,77.842,3905
  586,43484.059,82.700,3905
  587,43560.785,76.728,3905
  588,43640.492,79.709,3905
  589,43720.121,79.629,3905
  590,43800.738,80.616,3905
  591,43884.469,83.732,3905
  592,43966.914,82.446,3905
  593,44040.188,73.271,3905
  594,44121.441,81.257,3905
  595,44195.719,74.275,3905
  596,44277.609,81.892,3905
  597,44356.203,78.589,3905
  598,44435.344,79.142,3905
  599,44506.297,70.956,3905
  600,44590.535,84.236,3905
  601,44670.695,80.160,3905
  602,44746.293,75.601,3905
  603,44823.891,77.593,3905
  604,44903.730,79.840,3905
  605,44977.410,73.683,3905
  606,45055.969,78.558,3905
  607,45134.090,78.122,3905
  608,45216.426,82.336,3905
  609,45288.070,71.644,3905
  610,45347.348,59.276,3876
  611,45408.309,60.964,3882
  612,45470.121,61.809,3883
  613,45532.234,62.113,3883
  614,45589.023,56.790,3882
  615,45649.934,60.912,3873
  616,45711.078,61.143,3869
  617,45772.457,61.379,3867
  618,45834.703,62.245,3867
  619,45892.270,57.568,3867
  620,45950.898,58.628,3867
  621,46013.129,62.234,3869
  622,46075.395,62.263,3871
  623,46137.090,61.693,3873
  624,46281.180,144.090,3895
  625,46322.715,41.534,3896
  626,46369.297,46.587,3896
  627,46394.359,25.058,3896
  628,46457.777,63.419,3897
  629,46510.852,53.072,3897
  630,46572.484,61.639,3897
  631,46630.035,57.549,3895
  632,46691.012,60.976,3894
  633,46751.441,60.430,3888
  634,46814.074,62.631,3888
  635,46876.594,62.523,3887
  636,46934.102,57.505,3874
  637,46997.816,63.715,3874
  638,47057.398,59.582,3874
  639,47115.617,58.221,3874
  640,47190.098,74.480,3874
  641,47247.266,57.168,3873
  642,47313.801,66.537,3812
  643,47366.816,53.013,3761
  644,47426.207,59.390,3689
  645,47497.469,71.264,3602
  646,47557.605,60.136,3533
  647,47619.859,62.252,3541
  648,47676.984,57.127,3549
  649,47746.473,69.487,3547
  650,47810.535,64.062,3529
  651,47872.633,62.101,3529
  652,47936.559,63.922,3530
  653,48006.906,70.349,3521
  654,48064.789,57.884,3520
  655,48127.914,63.125,3519
  656,48192.324,64.406,3518
  657,48250.188,57.864,3518
  658,48314.055,63.867,3517
  659,48379.188,65.133,3516
  660,48441.305,62.121,3514
  661,48504.523,63.214,3513
  662,48571.824,67.301,3514
  663,48631.531,59.710,3515
  664,48696.375,64.843,3516
  665,48755.512,59.134,3517
  666,48818.391,62.880,3512
  667,48887.164,68.775,3503
  668,48959.770,72.605,3502
  669,49015.020,55.250,3502
  670,49083.723,68.704,3503
  671,49152.289,68.565,3502
  672,49213.313,61.025,3502
  673,49292.973,79.661,3478
  674,49349.043,56.070,3482
  675,49407.938,58.893,3479
  676,49476.883,68.943,3474
  677,49537.250,60.368,3475
  678,49602.906,65.658,3471
  679,49671.590,68.684,3473
  680,49740.590,69.000,3475
  681,49816.340,75.747,3470
  682,49881.289,64.951,3471
  683,49946.777,65.488,3489
  684,50015.410,68.635,3485
  685,50078.480,63.072,3483
  686,50149.363,70.879,3470
  687,50217.180,67.816,3454
  688,50282.324,65.146,3452
  689,50347.918,65.594,3453
  690,50419.922,72.003,3453
  691,50490.082,70.163,3452
  692,50551.500,61.413,3453
  693,50620.996,69.497,3453
  694,50686.875,65.881,3455
  695,50758.832,71.954,3454
  696,50824.492,65.659,3455
  697,50891.234,66.747,3461
  698,50958.582,67.348,3462
  699,51026.188,67.603,3464
  700,51094.719,68.532,3463
  701,51168.043,73.324,3468
  702,51237.113,69.070,3471
  703,51302.227,65.114,3474
  704,51375.430,73.203,3477
  705,51438.703,63.274,3478
  706,51509.461,70.760,3485
  707,51579.305,69.841,3484
  708,51794.820,215.515,3488
  709,51814.988,20.165,3488
  710,51894.191,79.207,3490
  711,51955.227,61.037,3490
  712,52028.145,72.919,3491
  713,52095.332,67.185,3491
  714,52164.711,69.377,3493
  715,52233.520,68.808,3494
  716,52297.984,64.466,3498
  717,52367.672,69.687,3503
  718,52431.637,63.969,3504
  719,52502.801,71.163,3506
  720,52570.535,67.732,3508
  721,52642.148,71.611,3509
  722,52711.004,68.857,3510
  723,52781.730,70.727,3512
  724,52844.395,62.664,3517
  725,52919.105,74.715,3518
  726,52987.523,68.414,3521
  727,53058.492,70.967,3522
  728,53126.449,67.961,3522
  729,53262.328,135.877,3523
  730,53284.715,22.388,3523
  731,53359.355,74.641,3524
  732,53423.406,64.051,3536
  733,53486.520,63.111,3536
  734,53550.898,64.381,3536
  735,53612.773,61.876,3538
  736,53675.539,62.761,3541
  737,53734.004,58.466,3541
  738,53797.898,63.897,3543
  739,53862.887,64.987,3545
  740,53917.914,55.030,3545
  741,53985.289,67.374,3545
  742,54051.656,66.365,3540
  743,54116.508,64.853,3531
  744,54174.086,57.578,3530
  745,54238.289,64.204,3524
  746,54303.832,65.540,3525
  747,54362.535,58.703,3523
  748,54427.973,65.442,3521
  749,54488.133,60.160,3526
  750,54554.113,65.977,3527
  751,54621.023,66.911,3529
  752,54686.172,65.148,3533
  753,54744.355,58.183,3537
  754,54807.871,63.516,3543
  755,54875.598,67.727,3544
  756,54939.410,63.815,3549
  757,55004.793,65.381,3556
  758,55068.516,63.721,3556
  759,55137.750,69.236,3557
  760,55201.277,63.529,3563
  761,55274.367,73.087,3568
  762,55338.227,63.858,3576
  763,55408.449,70.226,3580
  764,55481.227,72.777,3581
  765,55551.250,70.024,3588
  766,55623.211,71.961,3586
  767,55685.902,62.690,3586
  768,55755.938,70.036,3583
  769,55829.922,73.982,3584
  770,55888.902,58.983,3582
  771,55965.402,76.500,3575
  772,56025.328,59.922,3571
  773,56102.707,77.380,3569
  774,56162.422,59.717,3573
  775,56232.316,69.894,3574
  776,56298.707,66.392,3574
  777,56364.625,65.916,3574
  778,56430.848,66.221,3570
  779,56501.383,70.537,3569
  780,56568.758,67.377,3569
  781,56638.539,69.780,3569
  782,56690.836,52.294,3569
  783,56757.930,67.098,3569
  784,56823.648,65.714,3569
  785,56931.695,108.048,3569
  786,57003.039,71.346,3573
  787,57033.406,30.366,3582
  788,57090.492,57.083,3589
  789,57156.434,65.946,3595
  790,57226.609,70.174,3571
  791,57290.582,63.973,3559
  792,57352.883,62.302,3520
  793,57442.273,89.393,3526
  794,57490.875,48.600,3534
  795,57544.930,54.054,3542
  796,57611.961,67.030,3550
  797,57671.617,59.656,3558
  798,57736.426,64.810,3567
  799,57796.230,59.805,3576
  800,57863.383,67.151,3584
  801,57929.066,65.684,3592
  802,57991.945,62.882,3601
  803,58059.832,67.882,3609
  804,58118.484,58.653,3617
  805,58183.906,65.425,3628
  806,58243.086,59.177,3629
  807,58295.434,52.350,3626
  808,58360.363,64.929,3621
  809,58424.902,64.539,3621
  810,58482.707,57.803,3626
  811,58541.195,58.486,3629
  812,58604.906,63.714,3630
  813,58670.551,65.644,3630
  814,58727.945,57.395,3629
  815,58789.957,62.014,3631
  816,58850.953,60.997,3633
  817,58912.746,61.791,3633
  818,58973.668,60.917,3633
  819,59036.496,62.831,3633
  820,59096.859,60.362,3640
  821,59159.723,62.865,3640
  822,59221.332,61.607,3643
  823,59282.543,61.213,3649
  824,59345.609,63.067,3652
  825,59408.020,62.408,3655
  826,59473.469,65.451,3663
  827,59536.121,62.655,3666
  828,59597.375,61.251,3674
  829,59662.137,64.760,3683
  830,59726.090,63.956,3687
  831,59790.652,64.559,3689
  832,59855.105,64.459,3691
  833,59917.770,62.660,3695
  834,59982.906,65.138,3697
  835,60043.016,60.108,3706
  836,60107.895,64.879,3711
  837,60171.570,63.678,3713
  838,60234.957,63.388,3713
  839,60298.746,63.787,3718
  840,60363.281,64.535,3722
  841,60426.555,63.274,3724
  842,60489.496,62.940,3725
  843,60554.078,64.584,3725
  844,60619.453,65.374,3727
  845,60692.098,72.643,3731
  846,60746.457,54.364,3740
  847,60814.246,67.787,3745
  848,60876.836,62.586,3747
  849,60942.793,65.963,3762
  850,61004.313,61.515,3788
  851,61072.156,67.841,3806
  852,61180.922,108.769,3830
  853,61206.828,25.903,3840
  854,61266.930,60.106,3845
  855,61333.203,66.270,3851
  856,61399.867,66.666,3859
  857,61463.965,64.097,3868
  858,61530.883,66.921,3868
  859,61594.723,63.839,3868
  860,61659.402,64.681,3870
  861,61722.195,62.791,3869
  862,61784.898,62.705,3874
  863,61847.395,62.496,3875
  864,61913.016,65.618,3875
  865,61971.590,58.577,3874
  866,62037.168,65.574,3874
  867,62097.535,60.370,3877
  868,62157.621,60.087,3878
  869,62225.172,67.549,3878
  870,62288.219,63.047,3878
  871,62352.309,64.088,3875
  872,62411.309,59.002,3875
  873,62479.227,67.916,3874
  874,62541.316,62.090,3875
  875,62606.797,65.479,3876
  876,62672.332,65.537,3881
  877,62736.723,64.393,3887
  878,62800.656,63.931,3889
  879,62860.055,59.399,3897
  880,62925.938,65.885,3899
  881,62987.410,61.471,3910
  882,63078.117,90.710,3909
  883,63108.949,30.832,3906
  884,63167.242,58.291,3919
  885,63240.066,72.825,3918
  886,63309.301,69.230,3919
  887,63384.566,75.270,3918
  888,63452.297,67.726,3906
  889,63521.434,69.142,3908
  890,63594.207,72.770,3908
  891,63666.410,72.204,3908
  892,63736.570,70.159,3911
  893,63805.152,68.581,3929
  894,63878.273,73.127,3928
  895,63949.160,70.881,3928
  896,64019.348,70.190,3927
  897,64090.461,71.111,3927
  898,64159.164,68.702,3927
  899,64231.039,71.879,3927
  900,64302.535,71.496,3927
  901,64372.883,70.348,3924
  902,64440.563,67.679,3923
  903,64506.301,65.735,3923
  904,64571.910,65.612,3923
  905,64642.117,70.210,3918
  906,64714.500,72.380,3918
  907,64776.418,61.920,3919
  908,64839.180,62.758,3919
  909,64906.355,67.177,3919
  910,64970.723,64.368,3919
  911,65032.676,61.950,3919
  912,65096.473,63.799,3919
  913,65161.922,65.450,3919
  914,65226.457,64.533,3920
  915,65290.379,63.926,3919
  916,65354.617,64.236,3919
  917,65418.754,64.137,3919
  918,65482.719,63.964,3919
  919,65544.461,61.741,3917
  920,65608.602,64.141,3917
  921,65671.641,63.039,3918
  922,65736.789,65.150,3917
  923,65800.750,63.956,3918
  924,65861.430,60.682,3918
  925,65923.156,61.733,3911
  926,65989.227,66.064,3912
  927,66049.625,60.404,3912
  928,66110.211,60.578,3909
  929,66175.008,64.802,3913
  930,66238.945,63.939,3912
  931,66302.109,63.162,3912
  932,66366.477,64.370,3913
  933,66429.172,62.693,3910
  934,66491.789,62.615,3909
  935,66553.195,61.410,3909
  936,66618.250,65.051,3909
  937,66680.609,62.360,3909
  938,66744.336,63.733,3908
  939,66807.828,63.488,3909
  940,66870.883,63.056,3908
  941,66936.328,65.447,3909
  942,66996.828,60.493,3911
  943,67065.961,69.139,3911
  944,67128.883,62.918,3913
  945,67193.695,64.816,3912
  946,67256.320,62.628,3914
  947,67322.344,66.021,3915
  948,67393.500,71.154,3909
  949,67447.344,53.842,3911
  950,67511.109,63.766,3910
  951,67576.266,65.158,3912
  952,67638.773,62.501,3908
  953,67710.391,71.615,3906
  954,67770.430,60.047,3908
  955,67836.250,65.818,3906
  956,67901.578,65.329,3906
  957,67968.930,67.354,3907
  958,68035.969,67.041,3907
  959,68094.383,58.409,3905
  960,68163.086,68.704,3905
  961,68227.086,64.000,3909
  962,68293.742,66.655,3909
  963,68357.398,63.655,3910
  964,68421.664,64.276,3909
  965,68488.938,67.268,3906
  966,68555.820,66.877,3905
  967,68623.727,67.910,3905
  968,68690.477,66.752,3905
  969,68755.977,65.500,3904
  970,68820.453,64.474,3904
  971,68890.531,70.077,3905
  972,68956.422,65.892,3905
  973,69018.078,61.656,3905
  974,69082.891,64.811,3905
  975,69149.727,66.832,3904
  976,69216.516,66.795,3904
  977,69279.352,62.838,3906
  978,69346.328,66.981,3906
  979,69410.781,64.443,3907
  980,69476.047,65.267,3907
  981,69539.008,62.968,3906
  982,69607.109,68.093,3905
  983,69671.375,64.268,3905
  984,69736.430,65.057,3905
  985,69799.719,63.281,3906
  986,69864.602,64.895,3906
  987,69931.594,66.992,3906
  988,69998.703,67.100,3906
  989,70066.242,67.543,3905
  990,70131.938,65.695,3905
  991,70197.953,66.018,3907
  992,70263.297,65.346,3907
  993,70329.508,66.211,3908
  994,70395.641,66.132,3910
  995,70465.984,70.341,3917
  996,70530.875,64.889,3907
  997,70596.656,65.785,3907
  998,70661.656,65.003,3906
  999,70723.281,61.618,3906
 1000,70789.102,65.817,3905
 1001,70853.391,64.293,3905
 1002,70914.453,61.062,3898
 1003,70972.070,57.618,3894
 1004,71033.383,61.309,3884
 1005,71095.938,62.563,3879
 1006,71158.508,62.567,3872
 1007,71222.984,64.479,3872
 1008,71286.742,63.753,3872
 1009,71348.961,62.224,3872
 1010,71410.594,61.630,3872
 1011,71477.094,66.497,3872
 1012,71546.078,68.981,3872
 1013,71615.805,69.734,3872
 1014,71684.109,68.304,3872
 1015,71753.969,69.864,3872
 1016,71824.031,70.050,3872
 1017,71892.867,68.846,3872
 1018,71963.414,70.540,3872
 1019,72032.102,68.693,3872
 1020,72105.039,72.935,3872
 1021,72172.789,67.753,3872
 1022,72243.734,70.938,3872
 1023,72315.953,72.229,3872
 1024,72381.945,65.986,3872
 1025,72450.266,68.325,3872
 1026,72517.063,66.788,3872
 1027,72588.844,71.784,3872
 1028,72657.766,68.922,3872
 1029,72727.836,70.074,3872
 1030,72797.336,69.499,3872
 1031,72867.031,69.694,3872
 1032,72937.086,70.052,3872
 1033,73000.805,63.717,3872
 1034,73063.281,62.482,3872
 1035,73127.141,63.858,3872
 1036,73185.547,58.409,3872
 1037,73247.969,62.421,3872
 1038,73310.164,62.193,3872
 1039,73374.609,64.449,3882
 1040,73427.938,53.326,3882
 1041,73486.914,58.982,3882
 1042,73546.805,59.883,3882
 1043,73605.875,59.069,3882
 1044,73665.109,59.237,3882
 1045,73725.523,60.411,3880
 1046,73783.672,58.154,3880
 1047,73842.289,58.618,3880
 1048,73904.813,62.520,3880
 1049,73963.164,58.350,3880
 1050,74022.820,59.659,3880
 1051,74080.273,57.455,3880
 1052,74141.930,61.658,3880
 1053,74201.711,59.773,3880
 1054,74262.570,60.865,3880
 1055,74319.453,56.881,3880
 1056,74379.328,59.881,3880
 1057,74437.828,58.498,3880
 1058,74498.289,60.462,3880
 1059,74558.563,60.267,3880
 1060,74617.594,59.036,3880
 1061,74676.945,59.353,3880
 1062,74736.734,59.784,3880
 1063,74797.477,60.746,3880
 1064,74856.320,58.847,3880
 1065,74914.852,58.522,3880
 1066,74975.156,60.304,3880
 1067,75034.602,59.452,3880
 1068,75093.023,58.416,3880
 1069,75154.109,61.088,3880
 1070,75211.938,57.829,3880
 1071,75272.063,60.120,3880
 1072,75330.219,58.160,3880
 1073,75390.508,60.293,3880
 1074,75449.695,59.184,3880
 1075,75509.109,59.413,3880
 1076,75568.703,59.591,3880
 1077,75627.008,58.317,3880
 1078,75686.086,59.069,3880
 1079,75746.906,60.824,3880
 1080,75806.852,59.941,3880
 1081,75864.914,58.070,3880
 1082,75925.008,60.088,3880
 1083,75981.859,56.855,3880
 1084,76042.195,60.334,3880
 1085,76100.359,58.162,3880
 1086,76159.789,59.431,3880
 1087,76217.508,57.719,3880
 1088,76276.977,59.475,3880
 1089,76335.844,58.859,3880
 1090,76395.844,60.001,3880
 1091,76455.266,59.426,3880
 1092,76514.422,59.153,3880
 1093,76574.945,60.529,3880
 1094,76633.852,58.898,3880
 1095,76693.195,59.343,3880
 1096,76753.117,59.923,3880
 1097,76812.781,59.667,3880
 1098,76870.867,58.083,3880
 1099,76928.313,57.451,3880
 1100,76988.023,59.699,3880
 1101,77046.828,58.811,3880
 1102,77105.289,58.463,3880
 1103,77165.227,59.937,3880
 1104,77225.969,60.742,3880
 1105,77283.195,57.227,3880
 1106,77342.727,59.524,3880
 1107,77402.711,59.988,3880
 1108,77460.172,57.464,3880
 1109,77517.219,57.048,3880
 1110,77577.891,60.675,3880
 1111,77637.352,59.449,3880
 1112,77697.203,59.861,3880
 1113,77756.742,59.535,3880
 1114,77812.523,55.782,3880
 1115,77871.633,59.117,3880
 1116,77930.641,59.008,3880
 1117,77991.047,60.400,3880
 1118,78049.891,58.848,3880
 1119,78110.430,60.533,3880
 1120,78167.961,57.537,3880
 1121,78227.797,59.835,3880
 1122,78288.695,60.888,3880
 1123,78344.805,56.112,3880
 1124,78405.492,60.688,3880
 1125,78464.633,59.150,3880
 1126,78521.539,56.901,3880
 1127,78579.703,58.159,3880
 1128,78641.305,61.608,3880
 1129,78698.641,57.338,3880
 1130,78756.375,57.729,3880
 1131,78816.297,59.928,3880
 1132,78874.148,57.848,3880
 1133,78930.398,56.250,3880
 1134,78990.266,59.869,3880
 1135,79047.891,57.620,3880
 1136,79106.039,58.151,3880
 1137,79165.484,59.443,3880
 1138,79222.672,57.196,3880
 1139,79282.273,59.595,3880
 1140,79340.516,58.244,3880
 1141,79399.414,58.898,3880
 1142,79456.078,56.659,3880
 1143,79514.195,58.126,3880
 1144,79574.734,60.535,3880
 1145,79630.305,55.572,3880
 1146,79689.859,59.557,3880
 1147,79746.898,57.036,3880
 1148,79806.820,59.923,3880
 1149,79864.469,57.645,3880
 1150,79923.313,58.848,3880
 1151,79981.734,58.416,3880
 1152,80039.891,58.157,3880
 1153,80098.211,58.320,3880
 1154,80157.531,59.321,3880
 1155,80216.969,59.439,3880
 1156,80272.945,55.977,3880
 1157,80332.375,59.425,3880
 1158,80389.906,57.536,3880
 1159,80448.430,58.521,3880
 1160,80507.422,58.992,3880
 1161,80565.016,57.595,3880
 1162,80622.719,57.703,3880
 1163,80681.414,58.693,3880
 1164,80739.969,58.562,3880
 1165,80798.492,58.517,3880
 1166,80855.438,56.948,3880
 1167,80914.578,59.142,3880
 1168,80972.234,57.659,3880
 1169,81029.898,57.660,3880
 1170,81088.805,58.905,3880
 1171,81145.563,56.760,3880
 1172,81202.961,57.404,3880
 1173,81262.398,59.431,3880
 1174,81319.711,57.310,3880
 1175,81377.469,57.761,3880
 1176,81433.063,55.592,3880
 1177,81489.688,56.619,3880
 1178,81547.531,57.852,3880
 1179,81604.500,56.963,3880
 1180,81662.750,58.249,3880
 1181,81719.398,56.655,3880
 1182,81774.484,55.083,3880
 1183,81830.922,56.443,3880
 1184,81887.992,57.073,3880
 1185,81945.852,57.850,3880
 1186,82007.906,62.060,3880
 1187,82071.727,63.815,3880
 1188,82136.492,64.765,3880
 1189,82200.398,63.907,3880
 1190,82262.500,62.101,3880
 1191,82325.578,63.082,3880
 1192,82389.242,63.662,3880
 1193,82450.133,60.892,3880
 1194,82513.188,63.053,3880
 1195,82575.445,62.254,3880
 1196,82640.555,65.115,3880
 1197,82705.492,64.934,3880
 1198,82767.023,61.532,3880
 1199,82830.414,63.393,3880
 1200,82896.453,66.035,3880
 1201,82957.570,61.122,3880
 1202,83020.164,62.596,3880
 1203,83082.477,62.311,3880
 1204,83143.945,61.468,3880
 1205,83209.477,65.530,3880
 1206,83275.031,65.549,3880
 1207,83336.594,61.575,3880
 1208,83393.313,56.716,3880
 1209,83448.992,55.680,3880
 1210,83504.273,55.279,3880
 1211,83559.797,55.518,3880
 1212,83616.914,57.125,3880
 1213,83671.070,54.148,3880
 1214,83725.344,54.274,3880
 1215,83781.445,56.100,3880
 1216,83836.938,55.497,3880
 1217,83892.289,55.359,3880
 1218,83946.328,54.033,3880
 1219,84003.086,56.756,3880
 1220,84056.313,53.232,3880
 1221,84112.609,56.298,3880
 1222,84165.766,53.145,3880
 1223,84219.695,53.930,3880
 1224,84277.297,57.606,3880
 1225,84329.391,52.090,3880
 1226,84386.578,57.196,3880
 1227,84439.789,53.207,3880
 1228,84496.641,56.851,3880
 1229,84550.422,53.781,3880
 1230,84608.063,57.639,3880
 1231,84664.563,56.505,3880
 1232,84718.266,53.703,3880
 1233,84773.203,54.940,3880
 1234,84831.172,57.960,3880
 1235,84884.914,53.744,3880
 1236,84939.742,54.830,3880
 1237,84994.961,55.226,3880
 1238,85050.148,55.184,3880
 1239,85105.320,55.175,3880
 1240,85160.594,55.268,3880
 1241,85215.867,55.271,3880
 1242,85271.492,55.630,3880
 1243,85327.445,55.950,3880
 1244,85373.680,46.231,3505
 1245,85414.563,40.891,3512
 1246,85475.352,60.778,3516
 1247,85533.602,58.259,3523
 1248,85590.672,57.061,3530
 1249,85647.383,56.718,3538
 1250,85698.805,51.418,3546
 1251,85753.594,54.795,3550
 1252,85809.008,55.404,3559
 1253,85864.422,55.422,3562
 1254,85920.469,56.042,3563
 1255,85974.508,54.045,3570
 1256,86037.578,63.067,3578
 1257,86093.438,55.857,3585
 1258,86147.641,54.207,3593
 1259,86198.070,50.427,3601
 1260,86259.719,61.646,3606
 1261,86308.641,48.928,3614
 1262,86368.008,59.359,3622
 1263,86413.336,45.332,3627
 1264,86465.602,52.274,3629
 1265,86519.531,53.926,3630
 1266,86570.945,51.418,3631
 1267,86619.984,49.041,3631
 1268,86666.656,46.664,3631
 1269,86708.867,42.213,3631
 1270,86754.453,45.582,3631
 1271,86798.320,43.870,3631
 1272,86844.383,46.061,3631
 1273,86889.367,44.983,3631
 1274,86932.961,43.603,3631
 1275,86977.266,44.296,3631
 1276,87022.789,45.527,3631
 1277,87067.531,44.738,3631
 1278,87112.406,44.878,3631
 1279,87157.336,44.925,3631
 1280,87203.891,46.562,3631
 1281,87247.484,43.587,3631
 1282,87292.789,45.304,3631
 1283,87338.867,46.080,3631
 1284,87381.742,42.873,3631
 1285,87426.891,45.152,3631
 1286,87472.281,45.394,3631
 1287,87517.398,45.108,3631
 1288,87562.461,45.065,3631
 1289,87607.727,45.270,3631
 1290,87652.406,44.674,3631
 1291,87696.867,44.466,3631
 1292,87742.320,45.461,3631
 1293,87787.344,45.009,3631
 1294,87831.539,44.199,3631
 1295,87876.750,45.209,3631
 1296,87921.188,44.447,3631
 1297,87966.625,45.434,3631
 1298,88010.609,43.984,3631
 1299,88056.164,45.554,3631
 1300,88102.633,46.475,3631
 1301,88147.586,44.953,3631
 1302,88193.188,45.594,3631
 1303,88239.344,46.156,3631
 1304,88284.078,44.737,3631
 1305,88329.219,45.145,3631
 1306,88375.602,46.381,3631
 1307,88420.570,44.964,3631
 1308,88466.953,46.385,3631
 1309,88512.477,45.520,3631
 1310,88557.844,45.374,3631
 1311,88604.367,46.517,3631
 1312,88649.305,44.945,3631
 1313,88694.805,45.491,3631
 1314,88740.195,45.393,3631
 1315,88787.563,47.368,3631
 1316,88831.297,43.739,3631
 1317,88877.516,46.213,3631
 1318,88923.539,46.028,3631
 1319,88969.258,45.715,3631
 1320,89014.172,44.916,3631
 1321,89060.742,46.570,3631
 1322,89106.008,45.263,3631
 1323,89152.211,46.202,3631
 1324,89198.141,45.931,3631
 1325,89243.953,45.814,3631
 1326,89288.727,44.774,3631
 1327,89334.336,45.605,3631
 1328,89380.070,45.732,3631
 1329,89425.883,45.821,3631
 1330,89471.273,45.394,3631
 1331,89518.109,46.828,3631
 1332,89563.414,45.301,3631
 1333,89609.359,45.945,3631
 1334,89655.523,46.175,3631
 1335,89699.352,43.817,3631
 1336,89744.672,45.321,3631
 1337,89791.609,46.947,3631
 1338,89837.641,46.030,3631
 1339,89885.438,47.794,3631
 1340,89932.680,47.241,3631
 1341,89980.430,47.748,3631
 1342,90027.961,47.537,3631
 1343,90072.914,44.951,3631
 1344,90120.563,47.650,3631
 1345,90168.188,47.627,3631
 1346,90216.156,47.963,3631
 1347,90261.156,45.003,3631
 1348,90307.898,46.742,3631
 1349,90354.539,46.638,3631
 1350,90401.594,47.061,3631
 1351,90446.328,44.726,3631
 1352,90492.742,46.420,3631
 1353,90540.953,48.213,3631
 1354,90585.523,44.564,3631
 1355,90631.461,45.938,3631
 1356,90677.625,46.168,3631
 1357,90724.570,46.945,3631
 1358,90770.977,46.405,3631
 1359,90816.609,45.633,3631
 1360,90862.898,46.292,3631
 1361,90910.313,47.413,3631
 1362,90957.609,47.300,3631
 1363,91004.070,46.452,3631
 1364,91050.797,46.730,3631
 1365,91097.531,46.737,3631
 1366,91143.367,45.831,3631
 1367,91190.789,47.423,3631
 1368,91238.445,47.654,3631
 1369,91284.391,45.946,3631
 1370,91330.563,46.174,3631
 1371,91375.844,45.283,3631
 1372,91421.328,45.480,3631
 1373,91467.852,46.525,3631
 1374,91515.031,47.176,3631
 1375,91562.125,47.100,3631
 1376,91609.484,47.356,3631
 1377,91656.328,46.845,3631
 1378,91702.734,46.404,3631
 1379,91750.328,47.592,3631
 1380,91797.117,46.790,3631
 1381,91844.914,47.802,3631
 1382,91890.797,45.879,3631
 1383,91937.586,46.793,3631
 1384,91984.656,47.063,3631
 1385,92030.797,46.145,3631
 1386,92076.789,45.989,3631
 1387,92122.625,45.840,3631
 1388,92168.484,45.857,3631
 1389,92213.859,45.376,3631
 1390,92259.758,45.898,3631
 1391,92304.438,44.680,3631
 1392,92350.891,46.460,3631
 1393,92396.328,45.428,3631
 1394,92441.547,45.224,3631
 1395,92486.391,44.840,3631
 1396,92532.227,45.840,3631
 1397,92577.406,45.174,3631
 1398,92623.055,45.650,3631
 1399,92668.477,45.425,3631
 1400,92713.883,45.405,3631
 1401,92760.516,46.632,3631
 1402,92805.180,44.664,3631
 1403,92851.039,45.859,3631
 1404,92896.898,45.865,3631
 1405,92943.422,46.518,3631
 1406,92987.609,44.196,3631
 1407,93034.094,46.479,3631
 1408,93079.391,45.294,3631
 1409,93123.617,44.228,3631
 1410,93169.719,46.098,3631
 1411,93213.773,44.056,3631
 1412,93259.336,45.559,3631
 1413,93305.633,46.303,3631
 1414,93350.828,45.196,3631
 1415,93397.852,47.021,3631
 1416,93441.734,43.883,3631
 1417,93487.523,45.795,3631
 1418,93533.188,45.659,3631
 1419,93578.953,45.772,3631
 1420,93625.250,46.293,3631
 1421,93669.727,44.471,3631
 1422,93716.086,46.362,3631
 1423,93763.102,47.013,3631
 1424,93807.297,44.205,3631
 1425,93854.211,46.913,3631
 1426,93899.148,44.936,3631
 1427,93944.688,45.535,3631
 1428,93990.516,45.833,3631
 1429,94036.570,46.053,3631
 1430,94083.672,47.098,3631
 1431,94128.203,44.532,3631
 1432,94173.898,45.697,3631
 1433,94219.469,45.572,3631
 1434,94266.297,46.832,3631
 1435,94311.938,45.641,3631
 1436,94359.305,47.362,3631
 1437,94403.320,44.010,3631
 1438,94449.320,46.001,3631
 1439,94494.719,45.396,3631
 1440,94539.914,45.204,3631
 1441,94585.992,46.068,3631
 1442,94631.570,45.584,3631
 1443,94677.109,45.540,3631
 1444,94723.063,45.955,3631
 1445,94767.727,44.658,3631
 1446,94813.234,45.514,3631
 1447,94859.688,46.448,3631
 1448,94903.758,44.073,3631
 1449,94949.797,46.039,3631
 1450,94994.789,44.989,3631
 1451,95041.813,47.028,3631
 1452,95084.148,42.333,3631
 1453,95130.398,46.251,3631
 1454,95173.719,43.322,3631
 1455,95220.844,47.128,3631
 1456,95265.680,44.827,3631
 1457,95311.094,45.417,3631
 1458,95354.430,43.340,3631
 1459,95400.375,45.938,3631
 1460,95446.266,45.900,3631
 1461,95490.766,44.497,3631
 1462,95536.367,45.598,3631
 1463,95581.523,45.159,3631
 1464,95626.477,44.950,3631
 1465,95671.000,44.519,3631
 1466,95717.055,46.062,3631
 1467,95761.078,44.023,3631
 1468,95805.523,44.450,3631
 1469,95849.516,43.992,3631
 1470,95893.734,44.215,3631
 1471,95937.094,43.359,3631
 1472,95982.664,45.570,3631
 1473,96027.289,44.627,3631
 1474,96071.102,43.808,3631
 1475,96116.008,44.902,3631
 1476,96161.805,45.805,3631
 1477,96205.828,44.025,3631
 1478,96249.477,43.642,3631
 1479,96294.250,44.782,3631
 1480,96339.117,44.863,3631
 1481,96383.172,44.059,3631
 1482,96428.609,45.436,3631
 1483,96470.703,42.088,3631
 1484,96515.914,45.215,3631
 1485,96558.930,43.015,3631
 1486,96602.727,43.794,3631
 1487,96646.586,43.863,3631
 1488,96690.805,44.219,3631
 1489,96734.938,44.132,3631
 1490,96778.992,44.047,3631
 1491,96822.469,43.485,3631
 1492,96866.891,44.425,3631
 1493,96910.773,43.879,3631
 1494,96958.320,47.544,3631
 1495,96997.070,38.753,3631
 1496,97041.180,44.109,3631
 1497,97084.453,43.270,3631
 1498,97129.688,45.231,3631
 1499,97172.258,42.583,3631
 1500,97216.609,44.345,3631
 1501,97260.055,43.440,3631
 1502,97302.875,42.830,3631
 1503,97347.023,44.141,3631
 1504,97391.328,44.303,3631
 1505,97433.813,42.489,3631
 1506,97478.984,45.167,3631
 1507,97521.125,42.142,3631
 1508,97564.375,43.251,3631
 1509,97608.289,43.923,3631
 1510,97651.477,43.183,3631
 1511,97695.461,43.979,3631
 1512,97738.938,43.484,3631
 1513,97781.930,42.989,3631
 1514,97825.719,43.785,3631
 1515,97869.664,43.947,3631
 1516,97911.297,41.641,3631
 1517,97955.164,43.858,3631
 1518,97998.047,42.886,3631
 1519,98041.148,43.101,3631
 1520,98085.539,44.395,3631
 1521,98127.391,41.846,3631
 1522,98170.063,42.668,3631
 1523,98214.805,44.743,3631
 1524,98256.633,41.838,3631
 1525,98300.328,43.683,3631
 1526,98343.758,43.434,3631
 1527,98386.875,43.122,3663
 1528,98429.977,43.098,3663
 1529,98473.672,43.697,3663
 1530,98516.742,43.067,3663
 1531,98559.469,42.726,3663
 1532,98602.789,43.326,3663
 1533,98646.930,44.143,3663
 1534,98689.102,42.167,3663
 1535,98732.375,43.273,3663
 1536,98776.133,43.758,3663
 1537,98819.391,43.256,3663
 1538,98863.070,43.677,3663
 1539,98905.898,42.836,3663
 1540,98949.859,43.957,3663
 1541,98993.313,43.451,3663
 1542,99036.203,42.893,3631
 1543,99081.109,44.909,3631
 1544,99123.797,42.684,3631
 1545,99168.500,44.706,3631
 1546,99210.508,42.004,3631
 1547,99253.609,43.110,3631
 1548,99297.586,43.977,3631
 1549,99341.336,43.736,3631
 1550,99384.852,43.527,3631
 1551,99428.648,43.790,3631
 1552,99470.180,41.537,3631
 1553,99514.680,44.495,3631
 1554,99558.875,44.201,3631
 1555,99600.945,42.071,3631
 1556,99644.586,43.642,3631
 1557,99687.500,42.907,3631
 1558,99731.164,43.663,3631
 1559,99774.672,43.505,3631
 1560,99819.125,44.459,3631
 1561,99863.766,44.639,3631
 1562,99906.984,43.213,3631
 1563,99949.617,42.645,3631
 1564,99993.953,44.331,3631
 1565,100038.367,44.409,3631
 1566,100080.211,41.852,3631
 1567,100123.906,43.697,3631
 1568,100167.156,43.243,3631
 1569,100209.734,42.575,3631
 1570,100254.586,44.862,3631
 1571,100299.016,44.425,3631
 1572,100341.320,42.302,3631
 1573,100385.250,43.936,3631
 1574,100428.547,43.297,3631
 1575,100472.500,43.952,3631
 1576,100517.219,44.721,3631
 1577,100561.375,44.151,3631
 1578,100605.734,44.360,3631
 1579,100647.773,42.036,3631
 1580,100693.508,45.735,3631
 1581,100737.344,43.835,3631
 1582,100779.250,41.913,3631
 1583,100823.891,44.640,3631
 1584,100868.594,44.698,3631
 1585,100913.141,44.551,3631
 1586,100960.734,47.588,3631
 1587,101003.211,42.484,3631
 1588,101049.547,46.334,3631
 1589,101093.820,44.272,3631
 1590,101137.555,43.734,3631
 1591,101187.484,49.929,3631
 1592,101227.156,39.671,3631
 1593,101273.047,45.892,3631
 1594,101318.422,45.375,3631
 1595,101361.359,42.935,3631
 1596,101407.242,45.889,3631
 1597,101451.750,44.499,3631
 1598,101498.211,46.465,3631
 1599,101541.539,43.330,3631
 1600,101586.484,44.944,3631
 1601,101632.906,46.426,3631
 1602,101679.508,46.601,3631
 1603,101723.398,43.886,3631
 1604,101767.430,44.035,3631
 1605,101814.508,47.079,3631
 1606,101859.719,45.209,3631
 1607,101906.117,46.398,3631
 1608,101950.516,44.396,3631
 1609,101995.430,44.914,3631
 1610,102042.500,47.075,3631
 1611,102087.797,45.292,3631
 1612,102133.094,45.296,3631
 1613,102179.398,46.308,3631
 1614,102226.648,47.245,3631
 1615,102273.125,46.482,3631
 1616,102320.547,47.422,3631
 1617,102363.734,43.184,3631
 1618,102410.070,46.335,3631
 1619,102455.125,45.054,3631
 1620,102500.086,44.960,3631
 1621,102546.094,46.009,3631
 1622,102594.711,48.620,3631
 1623,102641.078,46.362,3631
 1624,102685.445,44.369,3631
 1625,102732.508,47.064,3631
 1626,102780.328,47.823,3631
 1627,102825.414,45.080,3631
 1628,102870.992,45.583,3631
 1629,102918.195,47.205,3631
 1630,102965.422,47.223,3631
 1631,103010.023,44.605,3631
 1632,103057.141,47.119,3631
 1633,103102.539,45.397,3631
 1634,103149.922,47.385,3631
 1635,103195.188,45.260,3631
 1636,103242.914,47.729,3631
 1637,103290.789,47.877,3631
 1638,103337.797,47.005,3631
 1639,103386.156,48.362,3631
 1640,103431.797,45.637,3631
 1641,103482.203,50.408,3631
 1642,103526.031,43.828,3631
 1643,103572.094,46.058,3631
 1644,103620.914,48.828,3631
 1645,103669.094,48.177,3631
 1646,103717.203,48.108,3631
 1647,103761.734,44.531,3631
 1648,103809.977,48.243,3631
 1649,103860.039,50.063,3631
 1650,103908.773,48.732,3631
 1651,103957.188,48.420,3631
 1652,104005.703,48.507,3631
 1653,104053.828,48.127,3631
 1654,104104.492,50.664,3631
 1655,104149.172,44.682,3631
 1656,104198.352,49.176,3631
 1657,104247.156,48.807,3631
 1658,104298.797,51.644,3631
 1659,104345.258,46.465,3631
 1660,104397.141,51.876,3631
 1661,104442.773,45.635,3631
 1662,104491.828,49.053,3631
 1663,104542.500,50.669,3631
 1664,104588.680,46.182,3631
 1665,104640.055,51.370,3631
 1666,104687.539,47.494,3631
 1667,104737.867,50.325,3631
 1668,104786.484,48.615,3631
 1669,104843.938,57.458,3631
 1670,104901.203,57.262,3631
 1671,104959.688,58.478,3631
 1672,105017.258,57.582,3631
 1673,105076.352,59.086,3631
 1674,105134.086,57.736,3631
 1675,105193.242,59.159,3631
 1676,105251.594,58.356,3631
 1677,105307.695,56.093,3631
 1678,105366.070,58.375,3631
 1679,105423.266,57.205,3631
 1680,105484.430,61.159,3631
 1681,105541.891,57.463,3631
 1682,105597.977,56.074,3631
 1683,105656.188,58.223,3631
 1684,105712.258,56.067,3631
 1685,105771.273,59.017,3631
 1686,105828.156,56.884,3631
 1687,105890.500,62.343,3631
 1688,105947.336,56.832,3631
 1689,106006.750,59.417,3631
 1690,106064.359,57.608,3631
 1691,106119.344,54.983,3631
 1692,106167.656,48.307,3631
 1693,106222.180,54.528,3631
 1694,106274.734,52.554,3631
 1695,106327.656,52.923,3631
 1696,106378.188,50.534,3631
 1697,106432.984,54.792,3631
 1698,106490.984,58.000,3631
 1699,106547.602,56.625,3631
 1700,106590.102,42.495,3631
 1701,106643.938,53.838,3631
 1702,106696.406,52.462,3631
 1703,106751.680,55.275,3631
 1704,106801.383,49.703,3631
 1705,106855.266,53.894,3631
 1706,106910.695,55.416,3631
 1707,106967.789,57.103,3631
 1708,107019.992,52.200,3631
 1709,107070.133,50.142,3631
 1710,107122.555,52.421,3631
 1711,107177.398,54.838,3631
 1712,107229.781,52.388,3631
 1713,107284.102,54.323,3631
 1714,107338.781,54.674,3631
 1715,107396.758,57.978,3631
 1716,107450.789,54.035,3631
 1717,107502.188,51.395,3631
 1718,107559.688,57.502,3631
 1719,107611.992,52.304,3631
 1720,107668.086,56.091,3631
 1721,107725.727,57.644,3631
 1722,107778.195,52.471,3631
 1723,107832.313,54.115,3631
 1724,107890.883,58.571,3631
 1725,107946.297,55.410,3631
 1726,108002.406,56.113,3631
 1727,108055.117,52.709,3631
 1728,108111.523,56.407,3631
 1729,108163.461,51.939,3631
 1730,108221.492,58.033,3631
 1731,108275.320,53.824,3631
 1732,108333.789,58.467,3631
 1733,108389.281,55.500,3631
 1734,108444.758,55.468,3631
 1735,108501.148,56.394,3631
 1736,108559.391,58.244,3631
 1737,108615.141,55.746,3631
 1738,108670.820,55.686,3631
 1739,108729.836,59.014,3631
 1740,108786.359,56.520,3631
 1741,108840.758,54.395,3631
 1742,108900.422,59.669,3631
 1743,108956.789,56.367,3631
 1744,109015.328,58.533,3631
 1745,109072.961,57.637,3631
 1746,109127.461,54.506,3631
 1747,109185.156,57.692,3631
 1748,109237.820,52.661,3631
 1749,109294.789,56.972,3631
 1750,109352.711,57.921,3631
 1751,109411.641,58.925,3631
 1752,109470.594,58.958,3631
 1753,109526.836,56.242,3631
 1754,109584.500,57.665,3631
 1755,109641.406,56.907,3631
 1756,109700.922,59.516,3631
 1757,109754.523,53.599,3631
 1758,109813.625,59.102,3631
 1759,109872.109,58.485,3631
 1760,109928.156,56.048,3631
 1761,109983.969,55.806,3631
 1762,110042.828,58.862,3631
 1763,110100.578,57.754,3631
 1764,110156.875,56.294,3631
 1765,110216.094,59.221,3631
 1766,110276.125,60.033,3631
 1767,110333.656,57.525,3631
 1768,110391.570,57.917,3631
 1769,110448.367,56.797,3631
 1770,110510.297,61.922,3631
 1771,110566.023,55.733,3631
 1772,110624.680,58.656,3631
 1773,110688.063,63.380,3631
 1774,110742.055,53.999,3631
 1775,110801.766,59.710,3631
 1776,110860.227,58.460,3631
 1777,110921.461,61.237,3631
 1778,110979.578,58.117,3631
 1779,111040.195,60.614,3631
 1780,111098.398,58.200,3631
 1781,111154.578,56.185,3631
 1782,111212.414,57.835,3631
 1783,111271.383,58.967,3631
 1784,111332.219,60.842,3631
 1785,111395.891,63.666,3631
 1786,111451.359,55.464,3631
 1787,111510.523,59.171,3631
 1788,111574.539,64.014,3631
 1789,111629.102,54.564,3631
 1790,111691.805,62.701,3631
 1791,111751.906,60.102,3631
 1792,111809.664,57.754,3631
 1793,111869.422,59.759,3631
 1794,111929.734,60.317,3631
 1795,111989.852,60.120,3631
 1796,112045.984,56.128,3631
 1797,112106.305,60.316,3631
 1798,112169.453,63.152,3631
 1799,112229.813,60.357,3631
 1800,112282.055,52.240,3631
 1801,112346.492,64.447,3631
 1802,112404.305,57.807,3631
 1803,112467.961,63.653,3631
 1804,112522.250,54.294,3631
 1805,112582.063,59.808,3631
 1806,112642.820,60.765,3631
 1807,112704.313,61.486,3631
 1808,112776.086,71.774,3631
 1809,112835.219,59.141,3631
 1810,112904.625,69.400,3631
 1811,112970.414,65.788,3631
 1812,113034.328,63.909,3631
 1813,113099.633,65.310,3631
 1814,113163.563,63.933,3631
 1815,113229.453,65.887,3631
 1816,113296.859,67.411,3631
 1817,113366.406,69.542,3631
 1818,113433.602,67.202,3631
 1819,113495.773,62.165,3631
 1820,113569.820,74.053,3631
 1821,113631.781,61.956,3631
 1822,113702.516,70.733,3631
 1823,113764.328,61.814,3631
 1824,113832.820,68.497,3631
 1825,113900.172,67.350,3631
 1826,113964.039,63.866,3631
 1827,114030.930,66.889,3631
 1828,114097.672,66.737,3631
 1829,114162.766,65.098,3631
 1830,114220.695,57.926,3631
 1831,114281.195,60.505,3631
 1832,114340.734,59.539,3631
 1833,114402.445,61.710,3631
 1834,114459.539,57.100,3631
 1835,114521.352,61.804,3631
 1836,114580.484,59.138,3631
 1837,114642.648,62.162,3631
 1838,114708.172,65.526,3631
 1839,114769.555,61.379,3631
 1840,114830.727,61.168,3631
 1841,114892.727,62.005,3631
 1842,114954.297,61.563,3631
 1843,115018.563,64.276,3631
 1844,115077.219,58.655,3631
 1845,115136.953,59.728,3631
 1846,115202.383,65.430,3631
 1847,115264.000,61.622,3631
 1848,115323.945,59.941,3631
 1849,115386.242,62.307,3631
 1850,115448.125,61.874,3631
 1851,115509.680,61.555,3631
 1852,115571.305,61.620,3631
 1853,115634.359,63.059,3631
 1854,115696.094,61.736,3631
 1855,115756.914,60.825,3631
 1856,115822.484,65.564,3631
 1857,115880.008,57.522,3631
 1858,115943.414,63.413,3631
 1859,116007.672,64.255,3631
 1860,116067.078,59.403,3631
 1861,116132.633,65.558,3631
 1862,116190.406,57.775,3631
 1863,116256.742,66.333,3631
 1864,116313.789,57.047,3631
 1865,116379.477,65.689,3631
 1866,116441.875,62.404,3631
 1867,116505.469,63.587,3631
 1868,116566.500,61.037,3631
 1869,116623.797,57.294,3631
 1870,116689.641,65.843,3631
 1871,116749.648,60.004,3631
 1872,116816.258,66.615,3631
 1873,116880.547,64.290,3631
 1874,116939.336,58.785,3631
 1875,117016.008,76.666,3631
 1876,117066.109,50.108,3663
 1877,117126.242,60.135,3663
 1878,117195.227,68.986,3663
 1879,117253.703,58.470,3663
 1880,117319.641,65.938,3663
 1881,117388.969,69.327,3663
 1882,117454.359,65.389,3663
 1883,117524.383,70.026,3663
 1884,117584.883,60.504,3663
 1885,117657.563,72.678,3663
 1886,117725.680,68.112,3663
 1887,117789.078,63.403,3663
 1888,117849.570,60.500,3663
 1889,117914.797,65.221,3663
 1890,117988.914,74.120,3663
 1891,118049.992,61.072,3663
 1892,118118.500,68.515,3663
 1893,118182.852,64.349,3663
 1894,118252.719,69.860,3663
 1895,118319.422,66.705,3663
 1896,118387.688,68.270,3663
 1897,118454.172,66.487,3663
 1898,118523.852,69.680,3663
 1899,118594.695,70.834,3663
 1900,118658.953,64.260,3663
 1901,118725.125,66.171,3663
 1902,118790.422,65.296,3663
 1903,118862.055,71.638,3663
 1904,118935.102,73.045,3663
 1905,118998.273,63.168,3663
 1906,119067.539,69.269,3663
 1907,119136.742,69.204,3663
 1908,119206.547,69.807,3663
 1909,119276.000,69.449,3663
 1910,119346.164,70.169,3663
 1911,119410.375,64.210,3663
 1912,119484.148,73.777,3663
 1913,119549.828,65.674,3663
 1914,119622.789,72.960,3663
 1915,119692.570,69.785,3663
 1916,119759.742,67.170,3663
 1917,119829.398,69.655,3663
 1918,119903.992,74.593,3663
 1919,119963.219,59.227,3663
 1920,120034.438,71.224,3663
 1921,120098.750,64.310,3663
 1922,120168.023,69.270,3663
 1923,120235.523,67.503,3663
 1924,120309.250,73.728,3663
 1925,120376.438,67.181,3663
 1926,120446.531,70.101,3663
 1927,120519.586,73.059,3663
 1928,120586.289,66.690,3663
 1929,120659.398,73.112,3663
 1930,120727.828,68.436,3663
 1931,120796.164,68.336,3663
 1932,120861.031,64.864,3663
 1933,120930.359,69.323,3663
 1934,120998.508,68.154,3663
 1935,121074.938,76.428,3663
 1936,121149.672,74.733,3663
 1937,121221.297,71.626,3663
 1938,121294.727,73.427,3663
 1939,121367.531,72.813,3663
 1940,121440.547,73.013,3663
 1941,121515.656,75.101,3663
 1942,121595.000,79.348,3663
 1943,121667.172,72.172,3663
 1944,121736.914,69.749,3663
 1945,121816.508,79.588,3663
 1946,121888.625,72.115,3663
 1947,121964.484,75.864,3663
 1948,122049.641,85.151,3663
 1949,122113.461,63.827,3663
 1950,122190.352,76.887,3663
 1951,122270.063,79.710,3663
 1952,122348.531,78.469,3663
 1953,122423.148,74.620,3663
 1954,122502.070,78.918,3663
 1955,122573.078,71.014,3663
 1956,122639.695,66.615,3663
 1957,122705.992,66.291,3663
 1958,122775.750,69.762,3663
 1959,122847.805,72.057,3663
 1960,122909.406,61.596,3663
 1961,122980.914,71.515,3663
 1962,123052.656,71.736,3663
 1963,123113.672,61.020,3663
 1964,123184.109,70.439,3663
 1965,123252.242,68.135,3663
 1966,123314.438,62.194,3663
 1967,123384.055,69.610,3663
 1968,123460.656,76.603,3663
 1969,123522.031,61.374,3663
 1970,123593.859,71.832,3663
 1971,123665.289,71.428,3663
 1972,123732.063,66.771,3663
 1973,123802.164,70.105,3663
 1974,123876.023,73.856,3663
 1975,123943.531,67.516,3663
 1976,124020.211,76.681,3663
 1977,124087.336,67.113,3663
 1978,124162.758,75.430,3663
 1979,124231.617,68.850,3663
 1980,124304.242,72.636,3663
 1981,124378.445,74.202,3663
 1982,124448.430,69.979,3663
 1983,124517.703,69.272,3663
 1984,124592.898,75.199,3663
 1985,124660.883,67.985,3663
 1986,124733.742,72.858,3663
 1987,124813.516,79.774,3663
 1988,124886.070,72.551,3663
 1989,124958.813,72.744,3663
 1990,125029.289,70.475,3663
 1991,125105.609,76.317,3663
 1992,125178.977,73.373,3663
 1993,125249.805,70.831,3663
 1994,125324.750,74.944,3663
 1995,125398.891,74.142,3663
 1996,125470.859,71.971,3663
 1997,125548.961,78.095,3663
 1998,125622.758,73.802,3663
 1999,125699.391,76.626,3663
 2000,125768.031,68.643,3663
 2001,125846.297,78.260,3663
 2002,125914.039,67.745,3663
 2003,125987.930,73.893,3663
 2004,126065.992,78.058,3663
 2005,126135.539,69.556,3663
 2006,126214.680,79.139,3663
 2007,126288.344,73.658,3663
 2008,126359.609,71.267,3663
 2009,126433.664,74.055,3663
 2010,126506.539,72.880,3663
 2011,126578.445,71.904,3663
 2012,126658.414,79.971,3663
 2013,126729.453,71.037,3663
 2014,126803.219,73.768,3663
 2015,126879.453,76.235,3663
 2016,126951.945,72.486,3663
 2017,127026.617,74.675,3663
 2018,127104.211,77.599,3663
 2019,127170.336,66.117,3663
 2020,127253.563,83.235,3663
 2021,127318.883,65.319,3663
 2022,127397.945,79.055,3663
 2023,127471.609,73.664,3663
 2024,127545.727,74.120,3663
 2025,127622.563,76.842,3663
 2026,127694.547,71.986,3663
 2027,127774.234,79.682,3663
 2028,127847.508,73.276,3663
 2029,127922.195,74.685,3663
 2030,127998.844,76.651,3663
 2031,128076.031,77.181,3663
 2032,128151.750,75.718,3663
 2033,128227.000,75.251,3663
 2034,128297.555,70.563,3663
 2035,128376.766,79.202,3663
 2036,128449.133,72.372,3663
 2037,128529.773,80.637,3663
 2038,128602.609,72.837,3663
 2039,128677.625,75.013,3663
 2040,128756.953,79.332,3663
 2041,128831.813,74.856,3663
 2042,128906.047,74.233,3663
 2043,128980.148,74.111,3663
 2044,129043.984,63.827,3663
 2045,129115.289,71.301,3663
 2046,129188.992,73.705,3663
 2047,129261.586,72.595,3663
 2048,129331.438,69.855,3663
 2049,129401.063,69.629,3663
 2050,129479.625,78.556,3663
 2051,129545.625,66.000,3663
 2052,129623.109,77.484,3663
 2053,129702.195,79.094,3663
 2054,129775.047,72.845,3663
 2055,129857.438,82.390,3663
 2056,129938.195,80.759,3663
 2057,130017.945,79.748,3663
 2058,130099.914,81.971,3663
 2059,130175.750,75.840,3663
 2060,130262.250,86.489,3663
 2061,130339.453,77.213,3663
 2062,130423.555,84.106,3663
 2063,130504.063,80.503,3663
 2064,130582.680,78.615,3663
 2065,130666.703,84.023,3663
 2066,130741.648,74.947,3663
 2067,130818.844,77.200,3663
 2068,130895.305,76.454,3663
 2069,130973.203,77.901,3663
 2070,131044.500,71.299,3663
 2071,131125.984,81.485,3663
 2072,131208.063,82.079,3663
 2073,131280.891,72.816,3663
 2074,131357.703,76.830,3663
 2075,131426.891,69.169,3663
 2076,131508.750,81.867,3663
 2077,131569.578,60.832,3663
 2078,131639.750,70.163,3663
 2079,131708.359,68.610,3663
 2080,131785.703,77.351,3663
 2081,131853.219,67.510,3663
 2082,131924.719,71.503,3663
 2083,131997.938,73.226,3663
 2084,132067.875,69.927,3663
 2085,132139.438,71.568,3663
 2086,132209.891,70.453,3663
 2087,132282.609,72.711,3663
 2088,132349.594,66.990,3663
 2089,132421.109,71.513,3663
 2090,132487.688,66.579,3663
 2091,132559.422,71.725,3663
 2092,132632.844,73.429,3663
 2093,132702.531,69.691,3663
 2094,132772.969,70.436,3663
 2095,132838.688,65.717,3663
 2096,132909.344,70.656,3663
 2097,132979.844,70.506,3663
 2098,133047.938,68.087,3663
 2099,133118.922,70.991,3663
 2100,133188.781,69.858,3663
 2101,133259.313,70.532,3663
 2102,133330.609,71.302,3663
 2103,133402.719,72.107,3663
 2104,133472.781,70.049,3663
 2105,133540.375,67.606,3663
 2106,133613.828,73.442,3663
 2107,133682.438,68.621,3663
 2108,133749.344,66.907,3663
 2109,133825.953,76.604,3663
 2110,133893.359,67.411,3663
 2111,133969.828,76.460,3663
 2112,134033.234,63.420,3663
 2113,134106.875,73.633,3663
 2114,134175.938,69.065,3663
 2115,134250.641,74.713,3663
 2116,134322.688,72.045,3663
 2117,134390.125,67.422,3663
 2118,134457.422,67.286,3663
 2119,134534.547,77.145,3663
 2120,134599.484,64.924,3663
 2121,134672.844,73.363,3663
 2122,134742.781,69.938,3663
 2123,134818.094,75.318,3663
 2124,134882.625,64.544,3663
 2125,134960.641,78.010,3663
 2126,135026.078,65.424,3663
 2127,135092.234,66.151,3663
 2128,135174.609,82.389,3663
 2129,135239.734,65.126,3663
 2130,135309.094,69.361,3663
 2131,135377.094,67.995,3663
 2132,135447.656,70.559,3663
 2133,135515.625,67.972,3663
 2134,135591.750,76.129,3663
 2135,135658.984,67.231,3663
 2136,135729.547,70.563,3663
 2137,135806.078,76.523,3663
 2138,135879.547,73.468,3663
 2139,135952.219,72.678,3663
 2140,136022.922,70.694,3663
 2141,136099.359,76.453,3663
 2142,136172.109,72.744,3663
 2143,136239.734,67.622,3663
 2144,136306.125,66.389,3663
 2145,136383.406,77.283,3663
 2146,136447.375,63.986,3663
 2147,136515.656,68.262,3663
 2148,136597.672,82.023,3663
 2149,136664.141,66.455,3663
 2150,136740.141,76.001,3663
 2151,136806.641,66.518,3663
 2152,136878.453,71.808,3663
 2153,136946.453,67.996,3663
 2154,137023.016,76.559,3663
 2155,137083.125,60.110,3663
 2156,137152.969,69.839,3663
 2157,137218.531,65.581,3663
 2158,137283.375,64.838,3663
 2159,137356.906,73.529,3663
 2160,137423.906,67.006,3663
 2161,137488.938,65.026,3663
 2162,137562.781,73.829,3663
 2163,137626.203,63.429,3663
 2164,137699.250,73.053,3631
 2165,137764.875,65.627,3635
 2166,137836.109,71.218,3640
 2167,137910.047,73.957,3640
 2168,137978.141,68.077,3640
 2169,138049.547,71.412,3640
 2170,138112.953,63.407,3640
 2171,138178.250,65.303,3640
 2172,138244.297,66.048,3640
 2173,138321.031,76.727,3640
 2174,138386.344,65.315,3640
 2175,138452.188,65.835,3640
 2176,138519.563,67.386,3640
 2177,138587.250,67.697,3640
 2178,138652.844,65.573,3640
 2179,138721.781,68.949,3640
 2180,138787.594,65.803,3640
 2181,138856.625,69.051,3640
 2182,138923.438,66.787,3640
 2183,138994.188,70.766,3640
 2184,139059.984,65.809,3640
 2185,139126.797,66.796,3640
 2186,139199.422,72.623,3640
 2187,139264.672,65.256,3640
 2188,139332.953,68.280,3640
 2189,139394.953,61.997,3640
 2190,139462.688,67.738,3640
 2191,139527.844,65.167,3640
 2192,139598.406,70.559,3640
 2193,139661.125,62.721,3640
 2194,139727.547,66.405,3640
 2195,139794.672,67.132,3640
 2196,139857.422,62.745,3640
 2197,139924.594,67.177,3640
 2198,139998.859,74.269,3640
 2199,140059.375,60.522,3640
 2200,140128.313,68.925,3640
 2201,140199.813,71.499,3640
 2202,140259.375,59.573,3640
 2203,140324.531,65.146,3640
 2204,140391.734,67.202,3640
 2205,140456.094,64.351,3640
 2206,140526.219,70.133,3640
 2207,140596.844,70.630,3640
 2208,140666.406,69.569,3640
 2209,140731.688,65.269,3640
 2210,140806.250,74.562,3640
 2211,140876.859,70.612,3640
 2212,140950.641,73.793,3640
 2213,141021.625,70.971,3640
 2214,141091.516,69.898,3640
 2215,141165.953,74.437,3640
 2216,141235.953,70.000,3640
 2217,141314.359,78.404,3640
 2218,141383.469,69.106,3640
 2219,141455.953,72.491,3640
 2220,141530.563,74.613,3640
 2221,141607.578,76.999,3640
 2222,141680.625,73.058,3640
 2223,141756.000,75.373,3640
 2224,141829.344,73.347,3640
 2225,141901.938,72.591,3640
 2226,141973.359,71.437,3640
 2227,142045.453,72.075,3640
 2228,142114.688,69.253,3640
 2229,142180.688,65.990,3640
 2230,142255.359,74.675,3640
 2231,142311.344,55.984,3640
 2232,142376.859,65.511,3640
 2233,142447.109,70.243,3640
 2234,142509.297,62.204,3640
 2235,142579.000,69.690,3640
 2236,142639.531,60.535,3640
 2237,142706.625,67.090,3640
 2238,142772.875,66.246,3640
 2239,142837.547,64.675,3640
 2240,142908.203,70.652,3640
 2241,142971.719,63.524,3640
 2242,143030.781,59.048,3640
 2243,143097.609,66.835,3640
 2244,143164.516,66.908,3640
 2245,143229.484,64.971,3640
 2246,143294.594,65.113,3640
 2247,143364.250,69.649,3640
 2248,143427.922,63.677,3640
 2249,143487.406,59.474,3640
 2250,143553.094,65.693,3640
 2251,143621.891,68.808,3640
 2252,143685.688,63.794,3640
 2253,143749.359,63.678,3640
 2254,143811.047,61.681,3640
 2255,143881.484,70.428,3640
 2256,143947.109,65.630,3640
 2257,144008.172,61.056,3640
 2258,144076.234,68.068,3640
 2259,144142.953,66.723,3640
 2260,144206.109,63.142,3640
 2261,144269.297,63.199,3640
 2262,144332.375,63.076,3640
 2263,144396.969,64.603,3640
 2264,144464.797,67.809,3640
 2265,144529.484,64.696,3640
 2266,144590.531,61.053,3640
 2267,144663.547,73.007,3640
 2268,144725.922,62.390,3640
 2269,144793.656,67.728,3640
 2270,144853.453,59.791,3640
 2271,144921.953,68.513,3640
 2272,144985.906,63.955,3640
 2273,145048.016,62.106,3640
 2274,145116.516,68.497,3640
 2275,145181.828,65.314,3640
 2276,145252.703,70.883,3640
 2277,145312.281,59.562,3640
 2278,145378.703,66.439,3640
 2279,145443.688,64.969,3640
 2280,145506.313,62.617,3640
 2281,145578.766,72.454,3640
 2282,145636.859,58.098,3640
 2283,145701.109,64.262,3640
 2284,145773.266,72.158,3640
 2285,145839.219,65.949,3640
 2286,145904.922,65.697,3640
 2287,145969.891,64.972,3640
 2288,146028.609,58.726,3640
 2289,146100.281,71.653,3640
 2290,146162.313,62.046,3640
 2291,146228.906,66.582,3640
 2292,146291.766,62.872,3640
 2293,146363.781,72.007,3640
 2294,146424.031,60.263,3640
 2295,146491.813,67.768,3640
 2296,146558.063,66.236,3640
 2297,146620.969,62.928,3640
 2298,146682.688,61.717,3640
 2299,146747.969,65.283,3640
 2300,146816.109,68.133,3640
 2301,146886.781,70.664,3640
 2302,146949.656,62.890,3640
 2303,147016.063,66.400,3640
 2304,147079.703,63.638,3640
 2305,147149.156,69.460,3640
 2306,147206.375,57.210,3640
 2307,147276.453,70.081,3640
 2308,147340.594,64.144,3640
 2309,147404.953,64.357,3640
 2310,147474.547,69.594,3640
 2311,147539.016,64.472,3640
 2312,147599.281,60.272,3640
 2313,147662.578,63.294,3640
 2314,147726.188,63.605,3640
 2315,147793.813,67.628,3640
 2316,147861.281,67.478,3672
 2317,147924.281,62.990,3672
 2318,147990.266,65.983,3672
 2319,148053.031,62.769,3672
 2320,148126.375,73.346,3672
 2321,148192.672,66.295,3672
 2322,148251.703,59.028,3672
 2323,148323.359,71.669,3672
 2324,148388.188,64.804,3672
 2325,148458.109,69.928,3672
 2326,148530.016,71.916,3672
 2327,148605.422,75.397,3672
 2328,148670.578,65.170,3672
 2329,148742.672,72.086,3672
 2330,148820.234,77.562,3672
 2331,148887.750,67.512,3672
 2332,148962.906,75.154,3672
 2333,149032.781,69.867,3672
 2334,149107.141,74.370,3672
 2335,149179.188,72.049,3672
 2336,149274.469,95.287,3672
 2337,149322.750,48.267,3672
 2338,149396.281,73.533,3672
 2339,149469.359,73.096,3672
 2340,149546.219,76.837,3672
 2341,149618.422,72.208,3672
 2342,149692.359,73.946,3672
 2343,149759.578,67.214,3672
 2344,149832.094,72.509,3672
 2345,149908.328,76.238,3672
 2346,149982.734,74.405,3672
 2347,150061.328,78.611,3672
 2348,150138.078,76.734,3672
 2349,150201.484,63.399,3672
 2350,150269.313,67.845,3672
 2351,150345.734,76.422,3672
 2352,150418.641,72.909,3672
 2353,150488.406,69.755,3672
 2354,150566.625,78.226,3672
 2355,150641.922,75.298,3672
 2356,150712.672,70.744,3672
 2357,150789.359,76.693,3672
 2358,150856.109,66.730,3672
 2359,150933.594,77.490,3672
 2360,151010.156,76.559,3672
 2361,151077.391,67.235,3672
 2362,151148.094,70.704,3672
 2363,151219.641,71.558,3672
 2364,151291.953,72.321,3672
 2365,151362.156,70.193,3672
 2366,151436.688,74.532,3672
 2367,151511.000,74.315,3672
 2368,151587.063,76.056,3672
 2369,151655.922,68.869,3672
 2370,151729.625,73.693,3672
 2371,151795.172,65.550,3672
 2372,151873.375,78.194,3672
 2373,151944.203,70.838,3672
 2374,152016.203,72.002,3672
 2375,152088.484,72.275,3672
 2376,152155.453,66.961,3672
 2377,152234.375,78.941,3672
 2378,152304.281,69.896,3672
 2379,152375.922,71.649,3672
 2380,152447.141,71.208,3672
 2381,152522.516,75.379,3672
 2382,152594.109,71.588,3672
 2383,152663.625,69.524,3672
 2384,152739.266,75.645,3672
 2385,152815.469,76.192,3672
 2386,152882.688,67.240,3672
 2387,152960.016,77.318,3672
 2388,153026.547,66.523,3672
 2389,153106.391,79.853,3672
 2390,153176.469,70.069,3672
 2391,153250.250,73.788,3672
 2392,153328.078,77.818,3672
 2393,153399.984,71.917,3672
 2394,153473.781,73.788,3672
 2395,153534.891,61.108,3672
 2396,153613.000,78.121,3672
 2397,153686.469,73.460,3672
 2398,153760.375,73.913,3672
 2399,153832.969,72.582,3672
 2400,153906.984,74.014,3672
 2401,153980.813,73.836,3672
 2402,154051.078,70.267,3672
 2403,154128.188,77.104,3672
 2404,154199.453,71.262,3672
 2405,154273.594,74.151,3672
 2406,154346.703,73.095,3672
 2407,154419.328,72.638,3672
 2408,154492.109,72.779,3672
 2409,154573.172,81.071,3672
 2410,154649.688,76.509,3672
 2411,154716.063,66.362,3672
 2412,154785.406,69.345,3672
 2413,154856.156,70.760,3672
 2414,154929.344,73.201,3672
 2415,154999.391,70.022,3672
 2416,155069.313,69.936,3672
 2417,155137.031,67.717,3672
 2418,155212.656,75.630,3672
 2419,155283.016,70.362,3672
 2420,155357.063,74.041,3672
 2421,155431.656,74.600,3672
 2422,155519.469,87.796,3672
 2423,155595.484,76.020,3672
 2424,155670.938,75.452,3672
 2425,155750.125,79.180,3672
 2426,155835.297,85.196,3672
 2427,155912.453,77.152,3672
 2428,155997.016,84.555,3672
 2429,156077.125,80.113,3672
 2430,156153.641,76.518,3672
 2431,156233.797,80.146,3672
 2432,156309.688,75.892,3672
 2433,156385.438,75.742,3672
 2434,156464.969,79.541,3672
 2435,156535.938,70.980,3672
 2436,156616.391,80.441,3672
 2437,156688.313,71.920,3672
 2438,156770.250,81.940,3672
 2439,156849.125,78.878,3672
 2440,156925.328,76.204,3672
 2441,157005.828,80.509,3672
 2442,157073.828,67.992,3672
 2443,157144.391,70.554,3672
 2444,157219.781,75.400,3672
 2445,157291.703,71.923,3672
 2446,157362.531,70.832,3672
 2447,157435.297,72.767,3672
 2448,157508.672,73.376,3672
 2449,157579.875,71.205,3672
 2450,157648.766,68.867,3672
 2451,157724.438,75.680,3672
 2452,157794.234,69.802,3672
 2453,157867.688,73.448,3672
 2454,157938.531,70.856,3672
 2455,158013.109,74.570,3672
 2456,158081.078,67.975,3672
 2457,158150.922,69.832,3672
 2458,158225.281,74.373,3672
 2459,158295.891,70.601,3672
 2460,158369.641,73.744,3672
 2461,158443.578,73.943,3672
 2462,158515.984,72.420,3672
 2463,158582.719,66.718,3672
 2464,158651.656,68.932,3672
 2465,158725.641,73.990,3672
 2466,158800.984,75.352,3672
 2467,158870.422,69.433,3672
 2468,158947.047,76.622,3672
 2469,159016.141,69.087,3672
 2470,159091.141,75.013,3672
 2471,159163.563,72.417,3672
 2472,159234.422,70.858,3672
 2473,159302.156,67.725,3672
 2474,159379.328,77.192,3672
 2475,159451.219,71.891,3672
 2476,159525.156,73.936,3672
 2477,159595.922,70.762,3672
 2478,159670.266,74.341,3672
 2479,159740.734,70.458,3672
 2480,159812.563,71.841,3672
 2481,159883.719,71.148,3672
 2482,159946.750,63.025,3672
 2483,160013.250,66.513,3672
 2484,160077.609,64.362,3672
 2485,160138.547,60.932,3672
 2486,160202.813,64.263,3672
 2487,160263.703,60.898,3672
 2488,160325.906,62.203,3672
 2489,160388.750,62.826,3672
 2490,160450.953,62.221,3640
 2491,160515.141,64.178,3640
 2492,160575.984,60.857,3640
 2493,160640.734,64.739,3640
 2494,160703.125,62.391,3640
 2495,160764.906,61.780,3640
 2496,160826.547,61.654,3640
 2497,160890.234,63.682,3640
 2498,160952.656,62.429,3640
 2499,161015.313,62.652,3640
 2500,161080.859,65.543,3640
 2501,161137.484,56.623,3640
 2502,161202.125,64.629,3640
 2503,161265.359,63.233,3640
 2504,161329.578,64.222,3640
 2505,161393.266,63.701,3640
 2506,161455.672,62.404,3640
 2507,161517.234,61.566,3640
 2508,161581.734,64.489,3640
 2509,161644.234,62.505,3640
 2510,161705.906,61.684,3640
 2511,161770.125,64.197,3640
 2512,161829.375,59.257,3640
 2513,161894.984,65.607,3640
 2514,161958.469,63.491,3640
 2515,162017.719,59.246,3640
 2516,162079.359,61.632,3640
 2517,162144.031,64.678,3640
 2518,162207.688,63.661,3640
 2519,162264.703,57.012,3640
 2520,162331.281,66.591,3640
 2521,162392.703,61.402,3640
 2522,162458.172,65.472,3640
 2523,162518.031,59.855,3640
 2524,162577.922,59.906,3640
 2525,162643.594,65.672,3640
 2526,162703.516,59.915,3640
 2527,162771.469,67.957,3640
 2528,162828.422,56.946,3640
 2529,162896.063,67.639,3640
 2530,162957.016,60.957,3640
 2531,163022.500,65.492,3640
 2532,163081.297,58.806,3640
 2533,163147.219,65.913,3640
 2534,163202.719,55.494,3640
 2535,163267.719,64.999,3640
 2536,163328.484,60.773,3640
 2537,163392.500,64.018,3640
 2538,163455.953,63.450,3640
 2539,163518.844,62.876,3640
 2540,163586.750,67.910,3640
 2541,163645.453,58.711,3640
 2542,163711.594,66.132,3640
 2543,163784.391,72.799,3640
 2544,163855.813,71.430,3640
 2545,163925.703,69.892,3640
 2546,163990.125,64.417,3640
 2547,164061.484,71.363,3640
 2548,164128.875,67.383,3640
 2549,164203.281,74.413,3640
 2550,164268.141,64.858,3640
 2551,164338.578,70.439,3640
 2552,164404.969,66.386,3640
 2553,164479.422,74.455,3640
 2554,164544.531,65.115,3640
 2555,164614.172,69.632,3640
 2556,164678.422,64.260,3640
 2557,164745.438,67.008,3640
 2558,164815.906,70.475,3640
 2559,164882.875,66.968,3640
 2560,164949.313,66.441,3640
 2561,165018.047,68.716,3640
 2562,165083.391,65.355,3640
 2563,165147.813,64.432,3640
 2564,165213.156,65.345,3640
 2565,165274.547,61.386,3640
 2566,165335.828,61.277,3640
 2567,165391.984,56.167,3640
 2568,165455.266,63.281,3640
 2569,165519.438,64.149,3640
 2570,165579.406,59.978,3640
 2571,165644.938,65.533,3640
 2572,165707.875,62.936,3640
 