Frame, Time (ms), Delta (ms) , Memory (mb)
    1, 0.000, 0.000,2800
    2,59.304,59.304,3904
    3,125.353,66.049,3904
    4,188.050,62.697,3904
    5,253.350,65.300,3904
    6,316.434,63.084,3904
    7,383.373,66.939,3904
    8,449.582,66.209,3904
    9,512.693,63.111,3904
   10,581.993,69.300,3904
   11,645.469,63.476,3904
   12,713.712,68.243,3904
   13,776.988,63.276,3904
   14,845.412,68.424,3904
   15,908.578,63.166,3904
   16,976.310,67.732,3904
   17,1041.474,65.164,3904
   18,1109.181,67.707,3904
   19,1168.800,59.619,3904
   20,1234.894,66.094,3904
   21,1301.729,66.835,3904
   22,1370.084,68.355,3904
   23,1433.610,63.526,3904
   24,1498.855,65.245,3904
   25,1562.084,63.229,3904
   26,1627.879,65.795,3904
   27,1692.078,64.199,3904
   28,1759.759,67.681,3904
   29,1824.237,64.478,3904
   30,1892.536,68.299,3904
   31,1949.415,56.879,3904
   32,2020.364,70.949,3904
   33,2081.160,60.796,3904
   34,2145.923,64.763,3904
   35,2206.300,60.377,3906
   36,2273.945,67.645,3906
   37,2336.589,62.644,3906
   38,2399.707,63.118,3906
   39,2465.348,65.641,3906
   40,2534.102,68.754,3906
   41,2590.440,56.338,3906
   42,2659.987,69.547,3906
   43,2716.797,56.810,3906
   44,2785.868,69.071,3906
   45,2848.044,62.176,3906
   46,2913.194,65.150,3906
   47,2966.761,53.567,3906
   48,3033.607,66.846,3906
   49,3087.933,54.326,3906
   50,3156.784,68.851,3906
   51,3215.163,58.379,3906
   52,3279.965,64.802,3906
   53,3339.529,59.564,3906
   54,3402.660,63.131,3904
   55,3461.869,59.209,3904
   56,3525.848,63.979,3904
   57,3580.246,54.398,3904
   58,3642.370,62.124,3904
   59,3706.099,63.729,3904
   60,3768.792,62.693,3904
   61,3826.004,57.212,3904
   62,3888.025,62.021,3904
   63,3946.284,58.259,3904
   64,4011.762,65.478,3904
   65,4071.168,59.406,3904
   66,4130.748,59.580,3904
   67,4190.884,60.136,3904
   68,4252.875,61.991,3904
   69,4311.729,58.854,3904
   70,4374.381,62.652,3904
   71,4433.090,58.709,3904
   72,4492.120,59.030,3904
   73,4552.565,60.445,3904
   74,4613.662,61.097,3904
   75,4675.717,62.055,3904
   76,4734.571,58.854,3904
   77,4792.526,57.955,3904
   78,4856.982,64.456,3904
   79,4917.141,60.159,3904
   80,4982.255,65.114,3904
   81,5040.763,58.508,3904
   82,5102.289,61.526,3904
   83,5163.099,60.810,3904
   84,5222.728,59.629,3904
   85,5281.182,58.454,3904
   86,5343.052,61.870,3904
   87,5403.314,60.262,3904
   88,5464.738,61.424,3904
   89,5524.314,59.576,3904
   90,5583.569,59.255,3904
   91,5640.727,57.158,3904
   92,5889.987,249.260,3904
   93,5948.094,58.107,3904
   94,6007.431,59.337,3904
   95,6065.910,58.479,3904
   96,6127.388,61.478,3904
   97,6186.118,58.730,3904
   98,6247.298,61.180,3904
   99,6305.507,58.209,3904
  100,6365.698,60.191,3904
  101,6423.404,57.706,3904
  102,6484.463,61.059,3904
  103,6546.679,62.216,3904
  104,6609.528,62.849,3904
  105,6669.941,60.413,3904
  106,6733.595,63.654,3904
  107,6791.904,58.309,3904
  108,6852.283,60.379,3904
  109,6910.382,58.099,3904
  110,6970.681,60.299,3904
  111,7032.210,61.529,3904
  112,7091.648,59.438,3904
  113,7151.107,59.459,3904
  114,7212.152,61.045,3904
  115,7269.954,57.802,3904
  116,7332.014,62.060,3904
  117,7390.883,58.869,3904
  118,7453.031,62.148,3904
  119,7511.893,58.861,3904
  120,7571.310,59.417,3904
  121,7633.125,61.816,3904
  122,7694.916,61.790,3904
  123,7751.409,56.494,3904
  124,7812.392,60.982,3904
  125,7871.972,59.581,3904
  126,7932.737,60.765,3904
  127,7993.521,60.784,3904
  128,8060.860,67.339,3904
  129,8121.936,61.075,3904
  130,8192.250,70.315,3904
  131,8251.497,59.247,3904
  132,8321.703,70.206,3904
  133,8381.067,59.364,3904
  134,8447.564,66.497,3904
  135,8509.167,61.603,3904
  136,8572.251,63.084,3904
  137,8630.187,57.935,3904
  138,8695.610,65.424,3904
  139,8755.310,59.699,3904
  140,8825.919,70.610,3904
  141,8886.688,60.769,3904
  142,8954.917,68.229,3904
  143,9015.846,60.928,3904
  144,9085.911,70.066,3904
  145,9147.454,61.543,3904
  146,9214.285,66.831,3904
  147,9279.444,65.159,3904
  148,9344.866,65.422,3904
  149,9406.956,62.090,3904
  150,9477.758,70.801,3904
  151,9538.945,61.188,3904
  152,9607.135,68.189,3904
  153,9667.419,60.284,3904
  154,9735.678,68.259,3906
  155,9795.162,59.485,3906
  156,9862.261,67.098,3906
  157,9923.872,61.612,3906
  158,9991.026,67.154,3906
  159,10050.974,59.947,3906
  160,10123.174,72.200,3906
  161,10179.675,56.501,3906
  162,10247.340,67.665,3906
  163,10310.270,62.930,3906
  164,10379.365,69.096,3908
  165,10441.484,62.119,3908
  166,10513.565,72.081,3910
  167,10576.638,63.072,3910
  168,10651.174,74.536,3908
  169,10710.073,58.900,3908
  170,10778.940,68.867,3908
  171,10846.021,67.081,3910
  172,10917.084,71.062,3910
  173,10978.194,61.111,3910
  174,11046.831,68.637,3910
  175,11116.445,69.614,3910
  176,11182.704,66.259,3910
  177,11245.222,62.517,3910
  178,11312.470,67.248,3910
  179,11380.789,68.320,3910
  180,11447.860,67.071,3910
  181,11510.306,62.445,3910
  182,11581.087,70.781,3910
  183,11646.494,65.408,3910
  184,11713.546,67.051,3910
  185,11779.780,66.235,3910
  186,11846.864,67.084,3910
  187,11909.855,62.991,3910
  188,11977.992,68.137,3910
  189,12039.181,61.188,3910
  190,12103.282,64.102,3910
  191,12166.338,63.055,3910
  192,12231.397,65.060,3910
  193,12293.735,62.338,3910
  194,12357.013,63.277,3910
  195,12421.139,64.126,3910
  196,12491.465,70.326,3910
  197,12547.903,56.439,3910
  198,12614.284,66.381,3912
  199,12678.227,63.942,3912
  200,12752.419,74.192,3912
  201,12815.641,63.222,3912
  202,12891.002,75.361,3912
  203,12952.643,61.641,3912
  204,13021.121,68.478,3912
  205,13079.075,57.955,3912
  206,13155.011,75.935,3912
  207,13210.223,55.212,3912
  208,13278.916,68.693,3912
  209,13337.393,58.477,3912
  210,13411.746,74.353,3912
  211,13473.146,61.401,3912
  212,13543.401,70.255,3912
  213,13610.694,67.293,3912
  214,13678.429,67.734,3912
  215,13745.506,67.077,3912
  216,13815.070,69.565,3912
  217,13876.530,61.460,3912
  218,13949.571,73.041,3912
  219,14013.842,64.270,3912
  220,14080.425,66.583,3912
  221,14145.564,65.140,3912
  222,14216.019,70.454,3912
  223,14280.228,64.209,3912
  224,14351.406,71.179,3912
  225,14414.674,63.267,3912
  226,14483.202,68.528,3912
  227,14551.710,68.508,3912
  228,14619.959,68.249,3912
  229,14680.967,61.008,3912
  230,14749.211,68.244,3912
  231,14807.105,57.895,3912
  232,14880.036,72.930,3912
  233,14943.713,63.677,3912
  234,15010.258,66.545,3912
  235,15072.210,61.952,3912
  236,15145.906,73.697,3912
  237,15205.487,59.581,3912
  238,15278.446,72.959,3912
  239,15345.140,66.693,3912
  240,15410.297,65.157,3912
  241,15478.631,68.334,3912
  242,15544.233,65.603,3912
  243,15605.568,61.335,3912
  244,15676.882,71.313,3912
  245,15736.921,60.039,3912
  246,15800.195,63.275,3912
  247,15865.950,65.754,3912
  248,15931.259,65.309,3912
  249,15998.188,66.929,3912
  250,16063.556,65.368,3912
  251,16129.726,66.170,3912
  252,16197.381,67.655,3912
  253,16260.892,63.511,3912
  254,16322.556,61.664,3912
  255,16393.844,71.287,3912
  256,16460.469,66.625,3912
  257,16517.701,57.233,3912
  258,16590.506,72.806,3912
  259,16653.355,62.849,3912
  260,16724.271,70.916,3912
  261,16787.668,63.396,3912
  262,16855.445,67.776,3910
  263,16915.014,59.570,3910
  264,16992.252,77.239,3910
  265,17048.906,56.654,3910
  266,17120.979,72.072,3910
  267,17179.820,58.842,3910
  268,17249.273,69.451,3910
  269,17311.061,61.790,3910
  270,17378.885,67.824,3910
  271,17444.018,65.132,3910
  272,17510.629,66.610,3910
  273,17573.920,63.293,3910
  274,17642.900,68.981,3910
  275,17707.822,64.921,3910
  276,17770.326,62.504,3910
  277,17833.727,63.400,3910
  278,17900.207,66.480,3910
  279,17963.652,63.446,3910
  280,18031.162,67.510,3910
  281,18091.645,60.482,3910
  282,18159.545,67.899,3910
  283,18221.320,61.776,3910
  284,18289.736,68.418,3910
  285,18349.969,60.232,3910
  286,18412.654,62.685,3910
  287,18477.410,64.756,3910
  288,18540.658,63.248,3910
  289,18603.896,63.238,3910
  290,18670.262,66.364,3910
  291,18730.652,60.393,3910
  292,18790.770,60.116,3910
  293,18853.418,62.649,3910
  294,18917.227,63.808,3910
  295,18980.049,62.823,3910
  296,19048.365,68.314,3910
  297,19102.832,54.470,3906
  298,19169.477,66.644,3906
  299,19231.678,62.200,3906
  300,19296.055,64.377,3906
  301,19356.518,60.461,3906
  302,19419.293,62.776,3906
  303,19480.145,60.852,3906
  304,19546.217,66.072,3906
  305,19602.713,56.498,3906
  306,19669.125,66.412,3906
  307,19727.566,58.441,3906
  308,19793.324,65.759,3906
  309,19852.137,58.811,3906
  310,19916.717,64.580,3906
  311,19979.658,62.942,3906
  312,20042.469,62.810,3906
  313,20101.615,59.146,3906
  314,20167.334,65.720,3906
  315,20223.105,55.770,3906
  316,20286.781,63.675,3906
  317,20351.313,64.533,3906
  318,20411.859,60.546,3906
  319,20469.670,57.809,3906
  320,20535.295,65.627,3906
  321,20593.182,57.886,3906
  322,20658.729,65.547,3906
  323,20716.029,57.302,3906
  324,20778.691,62.661,3906
  325,20838.625,59.933,3906
  326,20906.223,67.599,3906
  327,20964.260,58.036,3906
  328,21030.676,66.416,3906
  329,21086.938,56.262,3906
  330,21153.572,66.637,3906
  331,21216.221,62.646,3906
  332,21281.721,65.502,3906
  333,21342.117,60.395,3906
  334,21405.186,63.067,3906
  335,21466.906,61.723,3906
  336,21530.518,63.611,3906
  337,21590.225,59.706,3906
  338,21658.098,67.873,3906
  339,21716.143,58.046,3906
  340,21783.326,67.184,3906
  341,21845.629,62.303,3906
  342,21913.918,68.286,3906
  343,21971.553,57.636,3906
  344,22038.293,66.741,3906
  345,22098.389,60.096,3906
  346,22167.701,69.311,3906
  347,22226.547,58.847,3906
  348,22297.553,71.005,3906
  349,22357.807,60.255,3906
  350,22426.395,68.588,3906
  351,22487.801,61.407,3906
  352,22558.504,70.701,3906
  353,22620.385,61.883,3906
  354,22687.973,67.587,3906
  355,22747.473,59.501,3906
  356,22820.717,73.244,3906
  357,22881.717,60.998,3906
  358,22952.514,70.797,3906
  359,23014.443,61.930,3906
  360,23080.305,65.861,3906
  361,23142.205,61.902,3906
  362,23205.201,62.995,3906
  363,23266.957,61.756,3906
  364,23330.492,63.535,3906
  365,23390.313,59.820,3906
  366,23458.553,68.241,3906
  367,23521.398,62.846,3904
  368,23589.861,68.462,3904
  369,23653.145,63.284,3904
  370,23721.707,68.562,3906
  371,23785.992,64.286,3906
  372,23857.980,71.988,3906
  373,23920.414,62.433,3906
  374,23982.141,61.728,3906
  375,24043.904,61.762,3906
  376,24107.988,64.084,3906
  377,24171.721,63.734,3906
  378,24234.389,62.666,3906
  379,24295.322,60.935,3906
  380,24359.129,63.806,3906
  381,24419.695,60.566,3906
  382,24490.457,70.762,3908
  383,24550.949,60.493,3908
  384,24621.064,70.116,3908
  385,24683.295,62.229,3908
  386,24749.984,66.691,3908
  387,24813.480,63.496,3908
  388,24878.186,64.703,3908
  389,24938.596,60.410,3908
  390,25000.836,62.240,3908
  391,25065.502,64.666,3908
  392,25132.277,66.777,3908
  393,25198.564,66.286,3908
  394,25263.166,64.601,3908
  395,25322.326,59.161,3908
  396,25391.188,68.861,3908
  397,25450.670,59.481,3908
  398,25516.473,65.805,3908
  399,25579.316,62.844,3908
  400,25646.400,67.083,3908
  401,25706.910,60.510,3908
  402,25774.701,67.790,3908
  403,25831.141,56.441,3908
  404,25897.852,66.710,3908
  405,25960.994,63.141,3908
  406,26023.049,62.057,3908
  407,26089.842,66.792,3908
  408,26153.107,63.266,3908
  409,26215.014,61.905,3908
  410,26285.357,70.346,3908
  411,26346.270,60.911,3908
  412,26409.178,62.908,3908
  413,26467.592,58.414,3908
  414,26534.193,66.603,3908
  415,26601.289,67.096,3908
  416,26666.900,65.611,3908
  417,26731.961,65.060,3908
  418,26797.914,65.953,3908
  419,26858.617,60.702,3908
  420,26927.717,69.100,3908
  421,26990.027,62.311,3908
  422,27057.658,67.630,3908
  423,27115.736,58.080,3908
  424,27185.314,69.578,3908
  425,27241.229,55.914,3908
  426,27307.766,66.536,3908
  427,27368.994,61.228,3908
  428,27437.922,68.929,3908
  429,27498.641,60.720,3908
  430,27566.266,67.624,3908
  431,27627.174,60.908,3908
  432,27690.719,63.545,3908
  433,27755.750,65.031,3908
  434,27821.775,66.025,3908
  435,27883.053,61.279,3908
  436,27945.604,62.549,3908
  437,28010.461,64.857,3908
  438,28075.557,65.098,3908
  439,28137.178,61.619,3908
  440,28203.625,66.447,3908
  441,28267.002,63.378,3908
  442,28327.574,60.571,3908
  443,28392.246,64.673,3908
  444,28454.801,62.554,3908
  445,28516.570,61.768,3908
  446,28584.025,67.457,3908
  447,28644.961,60.935,3908
  448,28716.322,71.361,3908
  449,28770.334,54.013,3908
  450,28837.045,66.710,3908
  451,28901.914,64.868,3908
  452,28965.090,63.178,3908
  453,29028.133,63.043,3908
  454,29091.266,63.131,3908
  455,29152.752,61.487,3908
  456,29211.707,58.956,3908
  457,29274.129,62.421,3908
  458,29343.320,69.191,3908
  459,29403.965,60.645,3908
  460,29463.553,59.588,3908
  461,29521.746,58.193,3908
  462,29588.965,67.221,3908
  463,29648.018,59.050,3908
  464,29710.516,62.499,3908
  465,29765.355,54.840,3908
  466,29834.201,68.847,3908
  467,29894.021,59.818,3908
  468,29951.150,57.128,3908
  469,30015.004,63.855,3908
  470,30076.932,61.928,3908
  471,30137.643,60.712,3908
  472,30205.555,67.912,3908
  473,30262.906,57.350,3908
  474,30328.969,66.065,3908
  475,30391.375,62.405,3908
  476,30451.389,60.013,3908
  477,30513.867,62.479,3908
  478,30576.375,62.508,3908
  479,30641.674,65.297,3908
  480,30709.125,67.452,3908
  481,30766.672,57.547,3908
  482,30833.621,66.950,3908
  483,30888.453,54.832,3908
  484,30958.318,69.863,3908
  485,31017.006,58.688,3908
  486,31081.453,64.448,3908
  487,31137.627,56.175,3908
  488,31208.006,70.377,3908
  489,31265.801,57.798,3908
  490,31336.363,70.561,3908
  491,31397.889,61.527,3908
  492,31457.172,59.281,3908
  493,31516.553,59.383,3908
  494,31582.254,65.699,3908
  495,31648.398,66.144,3908
  496,31716.445,68.048,3908
  497,31778.881,62.437,3908
  498,31846.049,67.168,3908
  499,31906.031,59.981,3908
  500,31973.125,67.094,3908
  501,32036.236,63.110,3908
  502,32105.158,68.923,3908
  503,32159.824,54.665,3908
  504,32224.641,64.818,3908
  505,32287.141,62.500,3908
  506,32350.465,63.325,3908
  507,32417.490,67.024,3908
  508,32476.402,58.912,3908
  509,32541.377,64.976,3908
  510,32609.254,67.874,3908
  511,32666.350,57.098,3908
  512,32733.715,67.365,3908
  513,32795.285,61.568,3908
  514,32863.848,68.565,3908
  515,32920.230,56.383,3908
  516,32984.469,64.238,3908
  517,33046.695,62.225,3908
  518,33114.438,67.744,3908
  519,33179.492,65.053,3908
  520,33241.723,62.229,3908
  521,33308.215,66.493,3908
  522,33371.980,63.767,3908
  523,33436.621,64.639,3908
  524,33503.223,66.603,3908
  525,33558.859,55.634,3908
  526,33628.758,69.900,3908
  527,33690.840,62.084,3908
  528,33760.359,69.516,3908
  529,33824.246,63.890,3908
  530,33886.969,62.723,3908
  531,33944.793,57.823,3908
  532,34017.383,72.590,3908
  533,34078.313,60.930,3908
  534,34144.602,66.287,3908
  535,34204.441,59.840,3908
  536,34272.891,68.452,3908
  537,34335.945,63.055,3908
  538,34402.094,66.146,3908
  539,34464.117,62.024,3908
  540,34533.121,69.004,3908
  541,34590.656,57.536,3908
  542,34663.945,73.288,3908
  543,34725.406,61.462,3908
  544,34792.168,66.765,3908
  545,34854.238,62.067,3908
  546,34923.785,69.549,3908
  547,34986.559,62.771,3908
  548,35048.809,62.250,3908
  549,35115.961,67.152,3908
  550,35181.781,65.822,3908
  551,35245.492,63.710,3908
  552,35311.027,65.531,3908
  553,35375.457,64.434,3908
  554,35442.520,67.059,3908
  555,35503.961,61.443,3908
  556,35572.430,68.469,3908
  557,35629.391,56.961,3908
  558,35700.246,70.857,3908
  559,35764.168,63.921,3908
  560,35836.188,72.020,3908
  561,35897.266,61.077,3908
  562,35970.938,73.675,3908
  563,36037.750,66.809,3908
  564,36106.828,69.082,3908
  565,36171.914,65.082,3908
  566,36239.902,67.988,3908
  567,36304.379,64.476,3908
  568,36371.750,67.374,3908
  569,36433.504,61.753,3908
  570,36500.133,66.630,3908
  571,36563.707,63.574,3908
  572,36633.563,69.854,3908
  573,36695.539,61.974,3908
  574,36771.168,75.633,3908
  575,36831.641,60.475,3908
  576,36901.777,70.134,3908
  577,36964.637,62.859,3908
  578,37031.875,67.237,3908
  579,37099.320,67.450,3908
  580,37170.504,71.180,3908
  581,37232.891,62.387,3908
  582,37300.441,67.550,3908
  583,37370.555,70.115,3908
  584,37439.453,68.899,3908
  585,37505.043,65.587,3908
  586,37575.512,70.467,3908
  587,37643.527,68.016,3908
  588,37709.328,65.805,3908
  589,37777.168,67.842,3908
  590,37846.250,69.076,3908
  591,37913.145,66.897,3908
  592,37993.578,80.432,3908
  593,38051.219,57.643,3908
  594,38123.531,72.312,3906
  595,38189.441,65.908,3906
  596,38261.430,71.990,3906
  597,38322.543,61.113,3906
  598,38396.250,73.709,3906
  599,38466.473,70.224,3906
  600,38537.273,70.796,3906
  601,38596.941,59.671,3906
  602,38672.875,75.932,3906
  603,38740.742,67.867,3906
  604,38810.145,69.402,3906
  605,38874.242,64.097,3906
  606,38950.305,76.067,3906
  607,39016.422,66.115,3906
  608,39090.250,73.825,3906
  609,39153.523,63.273,3906
  610,39225.043,71.523,3906
  611,39297.730,72.685,3906
  612,39365.930,68.199,3906
  613,39433.500,67.573,3906
  614,39506.160,72.663,3906
  615,39564.188,58.020,3906
  616,39640.328,76.144,3906
  617,39705.125,64.797,3906
  618,39772.938,67.814,3906
  619,39841.816,68.878,3906
  620,39911.262,69.445,3906
  621,39973.105,61.845,3906
  622,40061.355,88.246,3906
  623,40110.090,48.737,3906
  624,40179.344,69.252,3906
  625,40246.594,67.252,3906
  626,40326.762,80.167,3906
  627,40383.602,56.842,3906
  628,40457.090,73.485,3906
  629,40524.203,67.112,3906
  630,40596.871,72.670,3906
  631,40657.594,60.723,3906
  632,40735.766,78.173,3906
  633,40781.207,45.441,3941
  634,40841.945,60.739,3941
  635,40890.984,49.039,3941
  636,40941.617,50.632,3941
  637,41022.109,80.492,3940
  638,41083.012,60.901,3941
  639,41148.602,65.592,3941
  640,41189.773,41.173,3941
  641,41251.469,61.695,3941
  642,41300.813,49.345,3941
  643,41356.555,55.738,3941
  644,41424.930,68.377,3941
  645,41502.145,77.218,3941
  646,41554.996,52.849,3939
  647,41609.148,54.154,3939
  648,41675.566,66.415,3939
  649,41725.473,49.910,3940
  650,41775.395,49.919,3941
  651,41856.156,80.764,3941
  652,41912.078,55.918,3941
  653,41969.891,57.814,3941
  654,42029.770,59.878,3939
  655,42090.105,60.336,3940
  656,42128.922,38.816,3940
  657,42181.387,52.464,3937
  658,42237.617,56.234,3937
  659,42296.875,59.253,3937
  660,42349.379,52.504,3937
  661,42402.520,53.143,3934
  662,42459.113,56.595,3933
  663,42520.598,61.483,3935
  664,42604.199,83.601,3934
  665,42658.746,54.550,3934
  666,42693.738,34.988,3935
  667,42755.445,61.709,3936
  668,42800.918,45.472,3937
  669,42863.688,62.769,3938
  670,42921.156,57.473,3940
  671,42978.543,57.383,3940
  672,43021.941,43.401,3940
  673,43106.641,84.698,3940
  674,43152.508,45.867,3938
  675,43215.215,62.706,3939
  676,43272.383,57.168,3940
  677,43323.242,50.860,3940
  678,43379.590,56.349,3940
  679,43456.770,77.179,3940
  680,43517.938,61.167,3940
  681,43562.504,44.566,3941
  682,43619.465,56.965,3941
  683,43682.582,63.114,3941
  684,43744.457,61.875,3941
  685,43796.648,52.191,3941
  686,43875.516,78.867,3941
  687,43935.254,59.738,3941
  688,43988.984,53.731,3941
  689,44046.613,57.631,3941
  690,44107.707,61.092,3940
  691,44167.824,60.117,3940
  692,44223.715,55.891,3940
  693,44291.563,67.847,3937
  694,44360.688,69.123,3940
  695,44421.617,60.934,3940
  696,44478.906,57.288,3940
  697,44536.645,57.739,3940
  698,44595.371,58.726,3938
  699,44663.441,68.071,3939
  700,44724.371,60.928,3940
  701,44774.195,49.824,3938
  702,44840.832,66.636,3935
  703,44898.699,57.865,3939
  704,44965.035,66.340,3929
  705,45018.930,53.895,3929
  706,45082.184,63.252,3930
  707,45142.621,60.439,3932
  708,45202.461,59.839,3935
  709,45259.922,57.463,3935
  710,45328.953,69.030,3930
  711,45382.430,53.476,3930
  712,45448.305,65.875,3933
  713,45507.266,58.963,3937
  714,45583.289,76.023,3938
  715,45649.664,66.371,3939
  716,45712.621,62.960,3939
  717,45776.953,64.332,3935
  718,45835.586,58.631,3932
  719,45900.859,65.274,3934
  720,45962.355,61.496,3934
  721,46017.836,55.477,3928
  722,46084.035,66.203,3930
  723,46144.410,60.376,3932
  724,46200.309,55.899,3933
  725,46283.344,83.031,3938
  726,46346.809,63.468,3940
  727,46403.195,56.387,3940
  728,46465.512,62.315,3940
  729,46528.973,63.463,3940
  730,46588.242,59.267,3940
  731,46665.004,76.763,3940
  732,46729.133,64.131,3940
  733,46784.625,55.489,3940
  734,46848.461,63.839,3940
  735,46906.516,58.051,3940
  736,46972.090,65.576,3940
  737,47028.535,56.443,3940
  738,47098.742,70.208,3940
  739,47158.996,60.254,3940
  740,47218.777,59.785,3940
  741,47279.895,61.115,3940
  742,47342.594,62.701,3939
  743,47402.961,60.366,3940
  744,47604.730,201.768,3940
  745,47648.285,43.555,3925
  746,47665.430,17.145,3921
  747,47691.922,26.490,3914
  748,47752.184,60.262,3914
  749,47811.137,58.958,3914
  750,47874.668,63.527,3912
  751,47931.945,57.278,3912
  752,47992.910,60.966,3904
  753,48052.355,59.444,3903
  754,48114.629,62.274,3903
  755,48178.289,63.661,3903
  756,48232.098,53.809,3893
  757,48295.313,63.215,3890
  758,48356.188,60.870,3890
  759,48412.672,56.486,3888
  760,48473.285,60.617,3886
  761,48537.668,64.378,3886
  762,48593.918,56.254,3826
  763,48656.891,62.970,3737
  764,48717.422,60.533,3651
  765,48794.094,76.673,3579
  766,48859.492,65.396,3515
  767,48912.754,53.265,3519
  768,48978.977,66.222,3529
  769,49044.234,65.254,3528
  770,49108.441,64.210,3528
  771,49178.066,69.625,3504
  772,49236.234,58.166,3502
  773,49306.914,70.680,3502
  774,49365.699,58.785,3502
  775,49435.969,70.271,3500
  776,49488.465,52.497,3499
  777,49539.281,50.814,3499
  778,49600.230,60.950,3499
  779,49659.742,59.512,3503
  780,49719.238,59.497,3501
  781,49779.266,60.026,3501
  782,49845.754,66.488,3501
  783,49901.539,55.787,3498
  784,49967.430,65.889,3498
  785,50022.547,55.117,3497
  786,50080.367,57.819,3498
  787,50151.547,71.183,3494
  788,50204.742,53.195,3494
  789,50264.195,59.453,3494
  790,50324.359,60.163,3495
  791,50387.586,63.225,3494
  792,50452.836,65.250,3463
  793,50512.293,59.460,3458
  794,50571.605,59.313,3454
  795,50630.902,59.295,3454
  796,50680.891,49.988,3456
  797,50744.219,63.327,3457
  798,50804.250,60.031,3460
  799,50868.820,64.568,3460
  800,50919.914,51.096,3458
  801,50987.777,67.868,3458
  802,51041.703,53.921,3465
  803,51108.059,66.356,3465
  804,51167.617,59.559,3460
  805,51231.965,64.349,3452
  806,51286.277,54.312,3440
  807,51348.691,62.415,3440
  808,51407.457,58.766,3440
  809,51470.430,62.972,3440
  810,51535.332,64.899,3440
  811,51591.867,56.538,3436
  812,51651.473,59.605,3437
  813,51718.656,67.182,3429
  814,51775.887,57.232,3426
  815,51837.484,61.595,3425
  816,51891.703,54.221,3424
  817,51951.699,59.995,3423
  818,52010.965,59.269,3426
  819,52070.367,59.399,3427
  820,52133.883,63.517,3430
  821,52201.293,67.413,3432
  822,52248.273,46.978,3433
  823,52307.387,59.112,3436
  824,52372.633,65.251,3440
  825,52427.277,54.641,3440
  826,52486.355,59.076,3441
  827,52540.125,53.773,3449
  828,52600.625,60.502,3450
  829,52656.945,56.320,3453
  830,52715.066,58.118,3453
  831,52772.730,57.665,3453
  832,52832.020,59.285,3453
  833,52895.535,63.518,3453
  834,52952.551,57.016,3453
  835,53021.090,68.541,3455
  836,53083.230,62.140,3456
  837,53144.691,61.459,3457
  838,53202.777,58.087,3457
  839,53259.793,57.016,3460
  840,53316.629,56.838,3462
  841,53374.648,58.014,3461
  842,53434.914,60.271,3464
  843,53497.355,62.439,3466
  844,53553.762,56.407,3466
  845,53621.793,68.030,3468
  846,53676.453,54.663,3469
  847,53739.063,62.607,3469
  848,53796.195,57.134,3473
  849,53874.230,78.035,3475
  850,53912.445,38.214,3474
  851,53976.094,63.649,3472
  852,54027.551,51.456,3474
  853,54088.934,61.384,3479
  854,54148.699,59.766,3479
  855,54211.027,62.326,3479
  856,54262.941,51.915,3480
  857,54320.332,57.388,3479
  858,54376.098,55.771,3481
  859,54434.953,58.856,3481
  860,54494.168,59.210,3481
  861,54555.336,61.168,3481
  862,54619.219,63.884,3479
  863,54679.746,60.528,3479
  864,54733.090,53.343,3479
  865,54790.973,57.885,3479
  866,54860.004,69.028,3479
  867,54916.980,56.974,3479
  868,54971.207,54.231,3479
  869,55031.883,60.674,3479
  870,55091.438,59.558,3484
  871,55153.535,62.094,3486
  872,55221.895,68.361,3486
  873,55265.230,43.337,3489
  874,55325.977,60.743,3492
  875,55385.945,59.971,3492
  876,55443.609,57.664,3493
  877,55503.984,60.374,3503
  878,55564.684,60.698,3507
  879,55624.574,59.892,3521
  880,55686.918,62.346,3531
  881,55742.188,55.265,3536
  882,55802.059,59.876,3541
  883,55866.289,64.230,3546
  884,55927.672,61.380,3544
  885,55980.418,52.750,3545
  886,56044.449,64.031,3543
  887,56100.309,55.856,3547
  888,56167.254,66.947,3545
  889,56221.996,54.742,3546
  890,56280.176,58.177,3550
  891,56343.711,63.536,3551
  892,56404.965,61.256,3556
  893,56467.598,62.634,3559
  894,56522.543,54.944,3565
  895,56583.840,61.296,3569
  896,56641.098,57.260,3572
  897,56695.367,54.266,3574
  898,56756.027,60.659,3576
  899,56817.809,61.782,3578
  900,56875.465,57.658,3579
  901,56932.777,57.312,3579
  902,56987.004,54.225,3581
  903,57047.176,60.172,3582
  904,57106.320,59.146,3586
  905,57165.000,58.679,3588
  906,57225.910,60.913,3586
  907,57285.926,60.014,3586
  908,57349.395,63.469,3583
  909,57409.801,60.406,3584
  910,57473.871,64.070,3595
  911,57539.043,65.170,3602
  912,57591.523,52.483,3609
  913,57654.074,62.549,3607
  914,57709.215,55.142,3615
  915,57767.617,58.403,3623
  916,57826.805,59.187,3633
  917,57885.230,58.427,3633
  918,57944.293,59.064,3634
  919,57999.020,54.724,3632
  920,58060.750,61.732,3635
  921,58114.336,53.584,3635
  922,58165.961,51.629,3636
  923,58225.266,59.301,3636
  924,58281.012,55.747,3636
  925,58339.656,58.643,3636
  926,58397.527,57.871,3635
  927,58454.426,56.898,3635
  928,58513.691,59.265,3635
  929,58568.648,54.958,3635
  930,58627.160,58.511,3635
  931,58686.906,59.746,3638
  932,58737.234,50.332,3637
  933,58796.727,59.490,3637
  934,58851.594,54.870,3637
  935,58913.164,61.565,3636
  936,58968.586,55.425,3636
  937,59027.297,58.711,3620
  938,59089.480,62.182,3627
  939,59143.367,53.888,3631
  940,59199.957,56.592,3635
  941,59261.109,61.150,3636
  942,59317.270,56.160,3635
  943,59376.023,58.753,3630
  944,59437.730,61.707,3629
  945,59492.355,54.626,3632
  946,59549.691,57.336,3630
  947,59611.184,61.492,3632
  948,59662.891,51.708,3634
  949,59721.902,59.011,3635
  950,59779.793,57.891,3636
  951,59835.906,56.112,3636
  952,59892.934,57.029,3636
  953,59948.715,55.781,3636
  954,60006.301,57.583,3636
  955,60066.277,59.981,3636
  956,60150.023,83.742,3635
  957,60184.645,34.623,3634
  958,60237.277,52.635,3635
  959,60294.367,57.087,3634
  960,60355.176,60.808,3611
  961,60432.086,76.912,3575
  962,60490.172,58.086,3535
  963,60533.422,43.250,3559
  964,60593.309,59.885,3568
  965,60661.523,68.215,3576
  966,60722.316,60.790,3584
  967,60775.441,53.131,3587
  968,60833.133,57.689,3588
  969,60891.508,58.373,3590
  970,60949.871,58.365,3608
  971,61009.441,59.571,3617
  972,61068.609,59.167,3621
  973,61154.906,86.297,3620
  974,61198.910,44.006,3620
  975,61252.754,53.844,3628
  976,61312.609,59.855,3631
  977,61369.953,57.346,3633
  978,61425.871,55.913,3633
  979,61480.055,54.185,3631
  980,61540.281,60.229,3630
  981,61596.906,56.625,3631
  982,61654.246,57.338,3634
  983,61707.297,53.048,3635
  984,61767.871,60.575,3634
  985,61824.785,56.917,3634
  986,61881.113,56.327,3635
  987,61927.215,46.100,3635
  988,61983.742,56.530,3635
  989,62040.500,56.753,3635
  990,62094.910,54.414,3637
  991,62151.258,56.350,3636
  992,62210.402,59.141,3636
  993,62267.746,57.343,3635
  994,62328.098,60.354,3635
  995,62385.191,57.091,3636
  996,62443.434,58.247,3636
  997,62498.953,55.520,3636
  998,62559.133,60.176,3643
  999,62616.820,57.684,3642
 1000,62674.207,57.391,3646
 1001,62733.422,59.216,3651
 1002,62795.703,62.280,3654
 1003,62856.023,60.319,3659
 1004,62909.750,53.728,3665
 1005,62971.477,61.726,3669
 1006,63028.727,57.250,3670
 1007,63090.273,61.546,3678
 1008,63149.855,59.582,3687
 1009,63207.781,57.929,3687
 1010,63268.824,61.038,3691
 1011,63328.074,59.253,3695
 1012,63386.684,58.608,3697
 1013,63447.398,60.717,3700
 1014,63508.676,61.275,3704
 1015,63564.672,55.997,3712
 1016,63623.055,58.382,3715
 1017,63684.461,61.404,3717
 1018,63740.684,56.225,3719
 1019,63799.551,58.867,3723
 1020,63860.672,61.120,3726
 1021,63917.816,57.144,3728
 1022,63977.797,59.983,3730
 1023,64036.648,58.849,3730
 1024,64095.543,58.896,3731
 1025,64157.051,61.508,3734
 1026,64214.785,57.739,3738
 1027,64273.820,59.030,3746
 1028,64336.973,63.152,3751
 1029,64394.316,57.344,3760
 1030,64457.203,62.886,3784
 1031,64518.332,61.131,3803
 1032,64621.691,103.357,3840
 1033,64639.793,18.102,3853
 1034,64695.754,55.963,3854
 1035,64756.809,61.054,3866
 1036,64820.012,63.202,3873
 1037,64880.656,60.645,3879
 1038,64940.398,59.743,3886
 1039,65001.336,60.937,3888
 1040,65061.715,60.379,3888
 1041,65123.449,61.739,3890
 1042,65181.160,57.707,3890
 1043,65237.426,56.267,3893
 1044,65298.023,60.595,3900
 1045,65358.125,60.102,3898
 1046,65415.570,57.448,3897
 1047,65480.125,64.551,3897
 1048,65538.070,57.947,3894
 1049,65597.023,58.956,3894
 1050,65660.016,62.991,3894
 1051,65720.484,60.469,3894
 1052,65782.039,61.553,3894
 1053,65837.086,55.046,3895
 1054,65892.977,55.889,3895
 1055,65951.195,58.222,3895
 1056,66014.477,63.278,3896
 1057,66069.664,55.191,3900
 1058,66127.563,57.899,3907
 1059,66187.969,60.406,3911
 1060,66250.750,62.781,3917
 1061,66306.914,56.161,3921
 1062,66363.391,56.473,3935
 1063,66423.906,60.522,3935
 1064,66483.102,59.197,3934
 1065,66543.961,60.859,3930
 1066,66600.359,56.402,3918
 1067,66658.945,58.583,3918
 1068,66718.852,59.906,3918
 1069,66775.211,56.358,3919
 1070,66835.578,60.365,3919
 1071,66897.602,62.021,3921
 1072,66955.445,57.843,3920
 1073,67016.461,61.022,3920
 1074,67074.875,58.408,3922
 1075,67134.938,60.070,3923
 1076,67240.969,106.027,3918
 1077,67257.094,16.119,3918
 1078,67318.125,61.038,3918
 1079,67377.602,59.482,3918
 1080,67435.305,57.698,3917
 1081,67497.430,62.121,3917
 1082,67552.781,55.355,3917
 1083,67613.586,60.806,3917
 1084,67671.148,57.557,3918
 1085,67732.664,61.520,3918
 1086,67788.023,55.364,3919
 1087,67848.047,60.015,3919
 1088,67904.828,56.787,3919
 1089,67966.703,61.868,3919
 1090,68026.555,59.858,3918
 1091,68085.906,59.355,3918
 1092,68146.234,60.323,3917
 1093,68205.281,59.046,3917
 1094,68263.766,58.479,3917
 1095,68325.141,61.380,3917
 1096,68384.688,59.556,3918
 1097,68442.992,58.297,3918
 1098,68497.453,54.458,3924
 1099,68555.281,57.830,3923
 1100,68614.953,59.677,3923
 1101,68670.922,55.967,3923
 1102,68723.836,52.912,3918
 1103,68781.945,58.109,3916
 1104,68837.797,55.849,3916
 1105,68894.555,56.759,3916
 1106,68948.156,53.601,3918
 1107,69008.070,59.914,3917
 1108,69064.188,56.122,3917
 1109,69119.734,55.545,3917
 1110,69176.523,56.787,3917
 1111,69234.922,58.400,3916
 1112,69289.734,54.810,3916
 1113,69346.820,57.089,3916
 1114,69400.156,53.335,3917
 1115,69455.578,55.421,3918
 1116,69511.570,55.995,3918
 1117,69567.633,56.060,3920
 1118,69676.594,108.966,3914
 1119,69689.125,12.523,3916
 1120,69742.078,52.951,3917
 1121,69798.656,56.584,3915
 1122,69855.555,56.902,3913
 1123,69910.320,54.763,3913
 1124,69965.039,54.717,3911
 1125,70020.109,55.072,3912
 1126,70075.680,55.570,3906
 1127,70136.164,60.485,3905
 1128,70201.195,65.031,3905
 1129,70256.117,54.921,3903
 1130,70300.930,44.810,3903
 1131,70360.070,59.144,3903
 1132,70417.539,57.464,3903
 1133,70471.250,53.716,3903
 1134,70524.375,53.118,3903
 1135,70585.711,61.339,3903
 1136,70643.727,58.017,3903
 1137,70695.797,52.071,3903
 1138,70753.594,57.799,3904
 1139,70810.398,56.802,3904
 1140,70865.633,55.235,3904
 1141,70921.211,55.577,3904
 1142,70979.461,58.252,3904
 1143,71034.617,55.155,3904
 1144,71093.016,58.402,3905
 1145,71148.391,55.371,3905
 1146,71202.930,54.543,3904
 1147,71260.563,57.629,3903
 1148,71316.234,55.675,3903
 1149,71376.031,59.792,3904
 1150,71430.875,54.849,3905
 1151,71490.813,59.931,3905
 1152,71548.172,57.360,3905
 1153,71604.633,56.470,3905
 1154,71655.109,50.466,3904
 1155,71713.930,58.830,3904
 1156,71772.352,58.425,3904
 1157,71827.914,55.558,3906
 1158,71885.047,57.122,3905
 1159,71938.273,53.237,3906
 1160,71999.109,60.833,3907
 1161,72051.477,52.363,3906
 1162,72107.242,55.771,3906
 1163,72165.234,57.988,3904
 1164,72221.914,56.685,3904
 1165,72277.906,55.987,3903
 1166,72335.711,57.802,3903
 1167,72394.594,58.887,3903
 1168,72449.680,55.089,3903
 1169,72512.375,62.687,3903
 1170,72571.547,59.176,3904
 1171,72626.922,55.382,3904
 1172,72685.859,58.930,3905
 1173,72739.703,53.842,3905
 1174,72800.148,60.445,3907
 1175,72855.195,55.051,3906
 1176,72911.977,56.788,3905
 1177,72965.695,53.712,3905
 1178,73028.367,62.669,3903
 1179,73081.586,53.227,3903
 1180,73139.070,57.476,3904
 1181,73193.680,54.614,3904
 1182,73252.789,59.110,3904
 1183,73305.961,53.174,3905
 1184,73364.117,58.147,3904
 1185,73421.336,57.226,3904
 1186,73479.828,58.488,3904
 1187,73535.086,55.257,3903
 1188,73592.492,57.411,3904
 1189,73650.539,58.043,3904
 1190,73709.305,58.772,3904
 1191,73765.742,56.432,3904
 1192,73814.727,48.980,3901
 1193,73871.922,57.205,3892
 1194,73928.141,56.214,3881
 1195,73983.516,55.378,3872
 1196,74037.047,53.527,3871
 1197,74093.000,55.960,3871
 1198,74146.219,53.216,3871
 1199,74201.938,55.718,3871
 1200,74253.820,51.880,3871
 1201,74311.664,57.846,3871
 1202,74364.711,53.046,3871
 1203,74418.711,53.997,3871
 1204,74470.953,52.249,3871
 1205,74528.391,57.432,3871
 1206,74580.469,52.080,3871
 1207,74634.602,54.133,3871
 1208,74686.797,52.196,3871
 1209,74742.938,56.145,3871
 1210,74797.109,54.169,3871
 1211,74852.180,55.066,3871
 1212,74905.047,52.870,3871
 1213,74959.484,54.439,3871
 1214,75013.398,53.913,3871
 1215,75066.914,53.516,3871
 1216,75121.922,55.004,3871
 1217,75175.547,53.626,3871
 1218,75229.086,53.538,3871
 1219,75283.859,54.776,3871
 1220,75336.586,52.728,3871
 1221,75390.938,54.353,3871
 1222,75446.836,55.897,3871
 1223,75501.313,54.482,3871
 1224,75554.734,53.415,3871
 1225,75606.914,52.183,3871
 1226,75660.648,53.736,3871
 1227,75714.773,54.115,3871
 1228,75768.570,53.806,3871
 1229,75820.789,52.215,3871
 1230,75874.727,53.936,3871
 1231,75928.367,53.636,3871
 1232,75981.109,52.745,3871
 1233,76035.555,54.449,3871
 1234,76088.547,52.992,3871
 1235,76142.750,54.197,3871
 1236,76195.313,52.573,3871
 1237,76249.219,53.903,3871
 1238,76302.219,53.001,3871
 1239,76357.555,55.334,3871
 1240,76410.305,52.751,3871
 1241,76463.539,53.235,3871
 1242,76517.391,53.848,3871
 1243,76570.844,53.453,3871
 1244,76625.492,54.647,3871
 1245,76676.617,51.129,3871
 1246,76729.266,52.652,3871
 1247,76780.609,51.343,3871
 1248,76833.945,53.335,3871
 1249,76886.867,52.921,3871
 1250,76940.281,53.413,3871
 1251,76990.719,50.434,3871
 1252,77044.102,53.379,3871
 1253,77095.516,51.421,3871
 1254,77147.500,51.984,3871
 1255,77202.195,54.697,3871
 1256,77254.969,52.771,3871
 1257,77305.664,50.696,3871
 1258,77358.703,53.036,3871
 1259,77409.805,51.104,3871
 1260,77462.977,53.175,3871
 1261,77520.266,57.289,3871
 1262,77568.039,47.768,3871
 1263,77619.828,51.788,3871
 1264,77671.125,51.302,3871
 1265,77725.422,54.296,3871
 1266,77776.984,51.564,3871
 1267,77832.172,55.184,3871
 1268,77883.656,51.487,3871
 1269,77934.352,50.692,3871
 1270,77987.148,52.798,3871
 1271,78040.422,53.276,3871
 1272,78092.422,52.000,3871
 1273,78142.648,50.227,3871
 1274,78197.234,54.583,3871
 1275,78251.047,53.811,3871
 1276,78302.297,51.255,3871
 1277,78352.805,50.504,3871
 1278,78405.477,52.668,3871
 1279,78458.148,52.678,3871
 1280,78510.742,52.594,3871
 1281,78562.180,51.438,3871
 1282,78614.477,52.291,3871
 1283,78667.453,52.981,3871
 1284,78719.172,51.716,3871
 1285,78775.781,56.613,3871
 1286,78823.805,48.020,3871
 1287,78875.570,51.769,3871
 1288,78928.367,52.793,3871
 1289,78979.297,50.935,3871
 1290,79031.453,52.153,3871
 1291,79083.703,52.247,3871
 1292,79133.867,50.165,3871
 1293,79184.844,50.979,3871
 1294,79235.906,51.065,3871
 1295,79287.227,51.320,3871
 1296,79339.891,52.660,3871
 1297,79391.281,51.393,3871
 1298,79442.320,51.044,3871
 1299,79493.203,50.875,3871
 1300,79545.805,52.604,3871
 1301,79597.328,51.531,3871
 1302,79647.523,50.191,3871
 1303,79699.547,52.020,3871
 1304,79753.188,53.639,3871
 1305,79803.922,50.740,3871
 1306,79857.039,53.113,3871
 1307,79907.469,50.427,3871
 1308,79960.938,53.475,3871
 1309,80014.555,53.618,3871
 1310,80065.406,50.847,3871
 1311,80117.758,52.348,3871
 1312,80170.750,52.995,3871
 1313,80222.320,51.576,3871
 1314,80274.789,52.461,3871
 1315,80326.016,51.226,3871
 1316,80380.133,54.116,3871
 1317,80426.391,46.262,3575
 1318,80476.477,50.089,3582
 1319,80528.992,52.516,3591
 1320,80574.508,45.512,3599
 1321,80619.797,45.290,3607
 1322,80672.914,53.117,3615
 1323,80721.336,48.426,3622
 1324,80767.305,45.965,3626
 1325,80806.898,39.594,3627
 1326,80858.844,51.948,3627
 1327,80897.813,38.969,3629
 1328,80947.797,49.979,3627
 1329,80996.016,48.219,3626
 1330,81042.375,46.357,3627
 1331,81085.625,43.259,3627
 1332,81132.320,46.694,3625
 1333,81181.688,49.356,3625
 1334,81228.617,46.943,3630
 1335,81277.586,48.968,3625
 1336,81322.977,45.393,3626
 1337,81374.906,51.925,3626
 1338,81419.734,44.822,3629
 1339,81461.117,41.384,3629
 1340,81513.094,51.979,3629
 1341,81563.297,50.208,3631
 1342,81601.281,37.985,3631
 1343,81647.266,45.981,3627
 1344,81700.813,53.546,3626
 1345,81746.031,45.215,3624
 1346,81793.422,47.392,3626
 1347,81842.273,48.859,3626
 1348,81885.531,43.249,3630
 1349,81941.172,55.640,3626
 1350,81985.320,44.155,3625
 1351,82033.172,47.851,3625
 1352,82075.063,41.881,3626
 1353,82125.234,50.176,3628
 1354,82167.984,42.752,3628
 1355,82221.180,53.193,3631
 1356,82264.031,42.851,3630
 1357,82312.008,47.976,3631
 1358,82354.727,42.717,3628
 1359,82403.867,49.144,3626
 1360,82451.586,47.723,3626
 1361,82502.266,50.679,3628
 1362,82546.609,44.345,3633
 1363,82593.023,46.411,3632
 1364,82643.031,50.008,3631
 1365,82691.250,48.218,3629
 1366,82739.367,48.112,3628
 1367,82786.234,46.874,3635
 1368,82835.859,49.629,3634
 1369,82877.906,42.044,3632
 1370,82924.969,47.064,3630
 1371,82972.523,47.550,3629
 1372,83014.742,42.222,3632
 1373,83059.523,44.780,3634
 1374,83108.781,49.256,3633
 1375,83156.969,48.192,3632
 1376,83199.750,42.777,3630
 1377,83246.258,46.509,3630
 1378,83292.883,46.624,3632
 1379,83343.219,50.340,3633
 1380,83387.680,44.451,3633
 1381,83434.930,47.262,3631
 1382,83481.469,46.532,3630
 1383,83529.789,48.318,3632
 1384,83574.805,45.021,3632
 1385,83623.453,48.647,3632
 1386,83668.016,44.557,3639
 1387,83714.227,46.217,3633
 1388,83760.328,46.102,3633
 1389,83807.117,46.788,3633
 1390,83853.398,46.277,3627
 1391,83901.367,47.968,3632
 1392,83948.547,47.190,3633
 1393,83999.297,50.747,3632
 1394,84044.555,45.259,3633
 1395,84092.133,47.570,3630
 1396,84138.758,46.632,3632
 1397,84186.039,47.274,3632
 1398,84232.242,46.208,3632
 1399,84279.906,47.668,3633
 1400,84326.086,46.174,3632
 1401,84372.852,46.769,3632
 1402,84420.141,47.285,3631
 1403,84466.727,46.587,3632
 1404,84514.828,48.104,3632
 1405,84561.508,46.675,3638
 1406,84607.859,46.357,3635
 1407,84656.430,48.567,3633
 1408,84705.281,48.853,3633
 1409,84752.195,46.911,3634
 1410,84798.156,45.962,3636
 1411,84846.453,48.299,3636
 1412,84895.539,49.090,3634
 1413,84943.266,47.728,3633
 1414,84990.031,46.756,3634
 1415,85038.547,48.517,3635
 1416,85086.570,48.026,3635
 1417,85136.250,49.679,3636
 1418,85181.258,45.013,3634
 1419,85229.813,48.552,3635
 1420,85278.727,48.912,3635
 1421,85325.719,46.989,3634
 1422,85374.133,48.417,3635
 1423,85422.086,47.956,3635
 1424,85472.023,49.929,3635
 1425,85519.719,47.702,3635
 1426,85567.148,47.427,3634
 1427,85616.477,49.327,3634
 1428,85667.320,50.848,3634
 1429,85716.367,49.043,3635
 1430,85761.188,44.822,3636
 1431,85813.133,51.945,3634
 1432,85859.391,46.258,3634
 1433,85904.313,44.929,3634
 1434,85952.359,48.041,3634
 1435,86000.938,48.580,3635
 1436,86049.711,48.772,3634
 1437,86096.484,46.772,3635
 1438,86146.297,49.814,3634
 1439,86192.844,46.545,3634
 1440,86243.156,50.318,3634
 1441,86293.391,50.228,3635
 1442,86341.438,48.045,3635
 1443,86389.500,48.066,3635
 1444,86436.805,47.306,3635
 1445,86483.734,46.925,3634
 1446,86533.266,49.534,3634
 1447,86583.719,50.455,3634
 1448,86631.305,47.591,3634
 1449,86681.125,49.810,3635
 1450,86731.078,49.960,3635
 1451,86779.422,48.340,3634
 1452,86827.695,48.269,3634
 1453,86876.633,48.946,3634
 1454,86925.547,48.916,3634
 1455,86973.539,47.993,3635
 1456,87021.430,47.883,3634
 1457,87068.133,46.708,3634
 1458,87119.203,51.068,3634
 1459,87166.828,47.622,3634
 1460,87210.938,44.112,3634
 1461,87256.688,45.744,3634
 1462,87307.258,50.579,3634
 1463,87351.219,43.957,3634
 1464,87397.711,46.488,3634
 1465,87444.625,46.926,3634
 1466,87491.719,47.085,3635
 1467,87538.383,46.664,3634
 1468,87583.492,45.116,3635
 1469,87631.805,48.305,3635
 1470,87678.242,46.446,3635
 1471,87724.492,46.242,3635
 1472,87770.680,46.191,3634
 1473,87817.234,46.560,3634
 1474,87865.180,47.941,3634
 1475,87912.234,47.056,3635
 1476,87958.633,46.398,3635
 1477,88005.563,46.930,3635
 1478,88053.461,47.897,3635
 1479,88098.164,44.698,3634
 1480,88143.953,45.794,3634
 1481,88192.070,48.117,3635
 1482,88238.922,46.852,3635
 1483,88284.773,45.853,3635
 1484,88332.195,47.420,3634
 1485,88378.250,46.057,3634
 1486,88423.711,45.452,3634
 1487,88471.133,47.427,3635
 1488,88514.727,43.588,3635
 1489,88564.133,49.410,3634
 1490,88609.195,45.064,3634
 1491,88655.445,46.246,3635
 1492,88700.672,45.231,3636
 1493,88747.711,47.039,3635
 1494,88794.578,46.871,3634
 1495,88840.125,45.546,3633
 1496,88887.313,47.191,3633
 1497,88933.930,46.615,3635
 1498,88980.695,46.760,3635
 1499,89025.828,45.133,3635
 1500,89074.828,49.005,3634
 1501,89120.367,45.534,3634
 1502,89168.773,48.404,3637
 1503,89213.039,44.264,3637
 1504,89261.852,48.820,3636
 1505,89310.250,48.398,3635
 1506,89353.211,42.960,3633
 1507,89401.984,48.779,3635
 1508,89448.898,46.908,3636
 1509,89498.695,49.794,3636
 1510,89538.836,40.145,3630
 1511,89585.961,47.125,3627
 1512,89631.781,45.818,3621
 1513,89675.602,43.821,3618
 1514,89720.344,44.736,3617
 1515,89766.555,46.218,3617
 1516,89809.594,43.043,3617
 1517,89853.977,44.383,3617
 1518,89898.602,44.626,3617
 1519,89943.703,45.093,3617
 1520,89987.734,44.034,3617
 1521,90032.734,44.995,3617
 1522,90077.250,44.524,3617
 1523,90121.242,43.989,3617
 1524,90165.891,44.654,3617
 1525,90210.734,44.835,3617
 1526,90256.313,45.583,3617
 1527,90300.750,44.435,3617
 1528,90343.891,43.139,3617
 1529,90387.180,43.295,3617
 1530,90432.883,45.699,3617
 1531,90479.313,46.438,3617
 1532,90523.344,44.019,3617
 1533,90568.414,45.070,3617
 1534,90612.938,44.533,3617
 1535,90656.906,43.965,3617
 1536,90701.805,44.894,3617
 1537,90746.094,44.288,3617
 1538,90790.750,44.659,3617
 1539,90836.055,45.307,3617
 1540,90880.500,44.447,3617
 1541,90925.422,44.918,3617
 1542,90970.141,44.717,3617
 1543,91014.703,44.563,3617
 1544,91060.273,45.580,3617
 1545,91103.844,43.560,3617
 1546,91148.625,44.787,3617
 1547,91193.570,44.941,3617
 1548,91237.227,43.663,3617
 1549,91281.156,43.921,3617
 1550,91323.906,42.757,3617
 1551,91367.703,43.791,3617
 1552,91411.883,44.185,3617
 1553,91455.133,43.249,3617
 1554,91499.188,44.057,3617
 1555,91543.156,43.964,3617
 1556,91587.383,44.221,3617
 1557,91629.484,42.110,3617
 1558,91672.930,43.442,3617
 1559,91716.383,43.452,3617
 1560,91759.547,43.166,3617
 1561,91804.148,44.605,3617
 1562,91847.281,43.132,3617
 1563,91890.242,42.958,3617
 1564,91934.391,44.148,3617
 1565,91977.555,43.167,3617
 1566,92020.898,43.345,3617
 1567,92065.039,44.138,3617
 1568,92109.070,44.032,3617
 1569,92152.102,43.028,3617
 1570,92196.719,44.615,3617
 1571,92238.914,42.198,3617
 1572,92282.695,43.780,3617
 1573,92324.445,41.755,3617
 1574,92368.398,43.952,3617
 1575,92411.414,43.017,3617
 1576,92454.086,42.668,3617
 1577,92497.883,43.797,3617
 1578,92540.680,42.798,3617
 1579,92583.938,43.263,3617
 1580,92628.336,44.390,3617
 1581,92670.664,42.330,3617
 1582,92713.836,43.171,3617
 1583,92757.273,43.443,3617
 1584,92800.672,43.395,3617
 1585,92845.172,44.504,3617
 1586,92887.500,42.325,3617
 1587,92930.758,43.255,3617
 1588,92973.578,42.823,3617
 1589,93017.688,44.104,3617
 1590,93060.219,42.540,3617
 1591,93103.484,43.262,3617
 1592,93146.141,42.654,3617
 1593,93188.828,42.691,3617
 1594,93232.234,43.407,3617
 1595,93273.547,41.313,3617
 1596,93316.664,43.110,3617
 1597,93359.453,42.796,3617
 1598,93403.766,44.309,3617
 1599,93445.180,41.418,3617
 1600,93488.578,43.401,3617
 1601,93530.656,42.071,3617
 1602,93573.258,42.609,3617
 1603,93615.703,42.441,3617
 1604,93659.125,43.424,3617
 1605,93700.953,41.828,3617
 1606,93744.258,43.300,3617
 1607,93785.820,41.566,3617
 1608,93828.609,42.787,3617
 1609,93870.688,42.078,3617
 1610,93913.336,42.641,3617
 1611,93954.563,41.234,3617
 1612,93998.023,43.461,3617
 1613,94039.750,41.729,3617
 1614,94082.727,42.972,3617
 1615,94126.734,44.005,3617
 1616,94166.391,39.659,3617
 1617,94209.883,43.494,3617
 1618,94252.055,42.171,3617
 1619,94294.000,41.941,3617
 1620,94339.203,45.211,3617
 1621,94380.234,41.030,3617
 1622,94422.547,42.314,3617
 1623,94464.500,41.948,3617
 1624,94507.359,42.858,3617
 1625,94550.039,42.683,3617
 1626,94593.836,43.800,3617
 1627,94634.641,40.806,3617
 1628,94678.305,43.660,3617
 1629,94721.734,43.431,3617
 1630,94764.531,42.800,3617
 1631,94807.273,42.740,3617
 1632,94850.617,43.348,3617
 1633,94892.578,41.959,3617
 1634,94935.109,42.528,3617
 1635,94978.492,43.383,3617
 1636,95021.109,42.612,3617
 1637,95064.508,43.401,3617
 1638,95106.703,42.191,3617
 1639,95150.305,43.613,3617
 1640,95193.109,42.794,3617
 1641,95236.211,43.111,3617
 1642,95278.484,42.268,3617
 1643,95322.367,43.884,3617
 1644,95364.852,42.486,3617
 1645,95408.250,43.399,3617
 1646,95451.555,43.306,3617
 1647,95494.352,42.793,3617
 1648,95539.688,45.331,3617
 1649,95582.555,42.875,3617
 1650,95625.023,42.466,3617
 1651,95669.211,44.187,3617
 1652,95713.328,44.117,3617
 1653,95756.258,42.933,3617
 1654,95800.117,43.856,3617
 1655,95843.969,43.854,3617
 1656,95886.570,42.603,3617
 1657,95930.961,44.388,3617
 1658,95975.820,44.860,3617
 1659,96018.648,42.826,3617
 1660,96062.797,44.150,3617
 1661,96108.570,45.774,3617
 1662,96151.266,42.695,3617
 1663,96195.398,44.128,3617
 1664,96240.164,44.766,3617
 1665,96282.930,42.772,3617
 1666,96327.609,44.677,3617
 1667,96371.492,43.883,3617
 1668,96415.242,43.754,3617
 1669,96459.883,44.639,3617
 1670,96504.594,44.711,3617
 1671,96549.141,44.543,3617
 1672,96591.836,42.700,3617
 1673,96637.336,45.490,3617
 1674,96681.453,44.122,3617
 1675,96726.844,45.395,3617
 1676,96772.039,45.186,3617
 1677,96815.156,43.125,3617
 1678,96859.836,44.679,3617
 1679,96904.609,44.778,3617
 1680,96948.898,44.283,3617
 1681,96994.695,45.799,3617
 1682,97039.859,45.164,3617
 1683,97083.445,43.587,3617
 1684,97127.398,43.946,3617
 1685,97174.000,46.605,3617
 1686,97218.805,44.803,3617
 1687,97264.133,45.331,3617
 1688,97309.617,45.487,3617
 1689,97353.969,44.355,3617
 1690,97398.563,44.587,3617
 1691,97446.008,47.447,3617
 1692,97489.938,43.928,3617
 1693,97534.922,44.986,3617
 1694,97580.547,45.628,3617
 1695,97625.875,45.327,3617
 1696,97671.844,45.969,3617
 1697,97716.563,44.721,3617
 1698,97761.867,45.303,3617
 1699,97806.828,44.959,3617
 1700,97851.953,45.127,3617
 1701,97895.656,43.697,3617
 1702,97941.922,46.269,3617
 1703,97988.547,46.629,3617
 1704,98033.898,45.351,3617
 1705,98078.602,44.700,3617
 1706,98126.586,47.985,3617
 1707,98172.789,46.200,3617
 1708,98217.023,44.230,3617
 1709,98263.000,45.978,3617
 1710,98307.703,44.707,3617
 1711,98355.297,47.600,3617
 1712,98401.031,45.727,3617
 1713,98447.125,46.098,3617
 1714,98494.148,47.022,3617
 1715,98538.586,44.436,3617
 1716,98583.578,44.995,3617
 1717,98631.008,47.426,3617
 1718,98675.367,44.359,3617
 1719,98723.500,48.134,3617
 1720,98769.805,46.308,3617
 1721,98814.547,44.743,3617
 1722,98861.047,46.498,3617
 1723,98909.320,48.269,3617
 1724,98954.500,45.181,3617
 1725,98999.031,44.533,3617
 1726,99046.922,47.891,3617
 1727,99092.789,45.865,3617
 1728,99141.875,49.087,3617
 1729,99188.656,46.780,3617
 1730,99235.891,47.239,3617
 1731,99281.734,45.838,3617
 1732,99331.422,49.689,3617
 1733,99377.289,45.874,3617
 1734,99423.750,46.451,3617
 1735,99472.227,48.481,3617
 1736,99519.039,46.810,3617
 1737,99566.406,47.369,3617
 1738,99617.797,51.395,3617
 1739,99660.078,42.274,3617
 1740,99708.609,48.537,3617
 1741,99757.125,48.512,3617
 1742,99803.711,46.584,3617
 1743,99851.602,47.895,3617
 1744,99900.492,48.893,3617
 1745,99951.266,50.773,3617
 1746,99997.094,45.824,3617
 1747,100047.156,50.067,3617
 1748,100095.031,47.873,3617
 1749,100145.328,50.293,3617
 1750,100202.797,57.469,3617
 1751,100249.477,46.679,3617
 1752,100291.508,42.039,3617
 1753,100343.438,51.921,3617
 1754,100392.867,49.433,3617
 1755,100438.328,45.457,3617
 1756,100488.414,50.088,3617
 1757,100539.984,51.570,3617
 1758,100591.125,51.146,3617
 1759,100638.648,47.517,3617
 1760,100687.742,49.096,3617
 1761,100735.992,48.246,3617
 1762,100787.547,51.561,3617
 1763,100835.359,47.808,3617
 1764,100885.844,50.487,3617
 1765,100938.180,52.342,3617
 1766,100993.813,55.627,3617
 1767,101041.531,47.723,3617
 1768,101086.961,45.428,3617
 1769,101137.563,50.599,3617
 1770,101188.477,50.913,3617
 1771,101237.453,48.980,3617
 1772,101289.719,52.266,3617
 1773,101339.477,49.756,3617
 1774,101390.750,51.269,3617
 1775,101441.688,50.938,3617
 1776,101490.164,48.480,3617
 1777,101543.867,53.702,3617
 1778,101594.555,50.692,3617
 1779,101649.922,55.371,3617
 1780,101693.820,43.893,3617
 1781,101749.359,55.538,3617
 1782,101799.469,50.106,3617
 1783,101847.938,48.471,3617
 1784,101899.117,51.179,3617
 1785,101950.742,51.623,3617
 1786,102003.047,52.308,3617
 1787,102057.727,54.676,3617
 1788,102107.469,49.744,3617
 1789,102160.750,53.281,3617
 1790,102213.766,53.016,3617
 1791,102266.688,52.920,3617
 1792,102317.359,50.671,3617
 1793,102368.695,51.342,3617
 1794,102419.703,51.001,3617
 1795,102473.531,53.832,3617
 1796,102526.211,52.682,3617
 1797,102581.617,55.412,3617
 1798,102633.734,52.107,3617
 1799,102687.898,54.171,3617
 1800,102739.000,51.098,3617
 1801,102789.891,50.890,3617
 1802,102844.578,54.687,3617
 1803,102894.242,49.666,3617
 1804,102951.617,57.378,3617
 1805,103002.484,50.861,3617
 1806,103054.445,51.966,3617
 1807,103106.070,51.619,3617
 1808,103159.078,53.006,3617
 1809,103214.875,55.806,3617
 1810,103266.805,51.929,3617
 1811,103322.914,56.112,3617
 1812,103376.477,53.555,3617
 1813,103430.680,54.199,3617
 1814,103483.875,53.202,3617
 1815,103539.469,55.591,3617
 1816,103591.195,51.733,3617
 1817,103645.359,54.159,3617
 1818,103698.688,53.326,3617
 1819,103753.711,55.024,3617
 1820,103807.313,53.600,3617
 1821,103859.391,52.078,3617
 1822,103916.219,56.836,3617
 1823,103969.953,53.733,3617
 1824,104023.445,53.493,3617
 1825,104078.359,54.909,3617
 1826,104132.852,54.494,3617
 1827,104190.664,57.805,3617
 1828,104240.453,49.796,3617
 1829,104297.891,57.437,3617
 1830,104351.617,53.729,3617
 1831,104406.398,54.779,3617
 1832,104460.656,54.252,3617
 1833,104516.695,56.045,3617
 1834,104569.828,53.130,3617
 1835,104624.500,54.680,3617
 1836,104682.273,57.768,3617
 1837,104740.156,57.882,3617
 1838,104794.375,54.221,3617
 1839,104846.883,52.509,3617
 1840,104903.039,56.151,3617
 1841,104961.570,58.541,3617
 1842,105014.117,52.541,3617
 1843,105069.484,55.367,3617
 1844,105120.977,51.486,3617
 1845,105179.078,58.104,3617
 1846,105235.508,56.436,3617
 1847,105288.297,52.785,3617
 1848,105343.500,55.207,3617
 1849,105397.219,53.720,3617
 1850,105452.758,55.534,3617
 1851,105510.266,57.510,3617
 1852,105570.813,60.549,3617
 1853,105625.969,55.152,3617
 1854,105677.063,51.095,3617
 1855,105735.844,58.778,3617
 1856,105789.242,53.406,3617
 1857,105849.688,60.440,3617
 1858,105906.461,56.777,3617
 1859,105960.211,53.745,3617
 1860,106021.031,60.821,3617
 1861,106073.375,52.346,3617
 1862,106134.414,61.034,3617
 1863,106191.141,56.727,3617
 1864,106250.211,59.072,3617
 1865,106305.891,55.681,3617
 1866,106360.867,54.983,3617
 1867,106418.781,57.907,3617
 1868,106475.641,56.861,3617
 1869,106533.484,57.844,3617
 1870,106584.414,50.929,3617
 1871,106643.883,59.473,3617
 1872,106700.836,56.949,3617
 1873,106757.703,56.867,3617
 1874,106812.055,54.349,3617
 1875,106868.492,56.442,3617
 1876,106929.047,60.553,3617
 1877,106985.398,56.347,3617
 1878,107041.258,55.869,3617
 1879,107099.641,58.374,3617
 1880,107158.141,58.503,3617
 1881,107213.758,55.620,3617
 1882,107271.828,58.068,3617
 1883,107328.367,56.537,3617
 1884,107386.672,58.305,3617
 1885,107442.477,55.806,3617
 1886,107500.633,58.149,3617
 1887,107554.945,54.320,3617
 1888,107615.781,60.838,3617
 1889,107670.453,54.667,3617
 1890,107730.070,59.620,3617
 1891,107792.484,62.413,3617
 1892,107848.547,56.067,3617
 1893,107909.266,60.715,3617
 1894,107967.875,58.608,3617
 1895,108027.711,59.836,3617
 1896,108084.125,56.413,3617
 1897,108142.609,58.494,3617
 1898,108202.398,59.782,3617
 1899,108260.414,58.018,3617
 1900,108314.063,53.643,3617
 1901,108372.563,58.502,3617
 1902,108432.570,60.012,3617
 1903,108495.898,63.327,3617
 1904,108551.781,55.885,3617
 1905,108616.563,64.776,3617
 1906,108677.273,60.716,3617
 1907,108739.602,62.332,3617
 1908,108796.070,56.464,3617
 1909,108857.586,61.519,3617
 1910,108922.016,64.421,3617
 1911,108976.648,54.630,3617
 1912,109037.570,60.933,3617
 1913,109097.531,59.959,3617
 1914,109157.250,59.720,3617
 1915,109220.695,63.435,3617
 1916,109277.109,56.415,3617
 1917,109334.398,57.289,3617
 1918,109392.234,57.846,3617
 1919,109450.750,58.507,3617
 1920,109505.375,54.624,3617
 1921,109565.234,59.870,3617
 1922,109623.727,58.484,3617
 1923,109686.883,63.157,3617
 1924,109744.086,57.199,3617
 1925,109803.539,59.463,3617
 1926,109862.195,58.649,3617
 1927,109924.289,62.090,3617
 1928,109985.656,61.370,3617
 1929,110043.094,57.437,3617
 1930,110108.359,65.264,3617
 1931,110168.836,60.487,3617
 1932,110226.992,58.146,3617
 1933,110285.344,58.357,3617
 1934,110349.430,64.087,3617
 1935,110407.680,58.246,3617
 1936,110470.188,62.513,3617
 1937,110525.016,54.820,3617
 1938,110589.180,64.169,3617
 1939,110646.406,57.224,3617
 1940,110699.953,53.544,3617
 1941,110761.805,61.856,3617
 1942,110823.234,61.435,3617
 1943,110884.000,60.756,3617
 1944,110940.586,56.595,3617
 1945,111004.102,63.510,3617
 1946,111062.102,58.002,3617
 1947,111123.922,61.823,3617
 1948,111184.609,60.689,3617
 1949,111246.289,61.672,3617
 1950,111307.406,61.121,3617
 1951,111367.109,59.703,3617
 1952,111427.195,60.087,3617
 1953,111487.922,60.726,3617
 1954,111547.938,60.016,3617
 1955,111608.133,60.194,3617
 1956,111667.242,59.114,3617
 1957,111727.492,60.246,3617
 1958,111787.094,59.601,3617
 1959,111847.734,60.642,3617
 1960,111910.344,62.609,3617
 1961,111969.422,59.076,3617
 1962,112027.625,58.202,3617
 1963,112085.984,58.359,3617
 1964,112150.164,64.184,3617
 1965,112212.328,62.161,3617
 1966,112273.336,61.004,3617
 1967,112338.727,65.396,3617
 1968,112399.742,61.012,3617
 1969,112463.203,63.465,3617
 1970,112527.711,64.503,3617
 1971,112591.000,63.288,3617
 1972,112657.664,66.667,3617
 1973,112719.484,61.825,3617
 1974,112787.297,67.805,3617
 1975,112849.250,61.963,3617
 1976,112918.602,69.351,3617
 1977,112978.555,59.950,3617
 1978,113046.414,67.858,3617
 1979,113109.930,63.523,3617
 1980,113178.406,68.470,3617
 1981,113243.883,65.476,3617
 1982,113307.297,63.412,3617
 1983,113371.867,64.577,3617
 1984,113433.789,61.921,3617
 1985,113505.281,71.487,3617
 1986,113567.414,62.132,3617
 1987,113634.734,67.320,3617
 1988,113700.453,65.725,3617
 1989,113765.898,65.443,3617
 1990,113829.984,64.085,3617
 1991,113891.727,61.742,3617
 1992,113957.039,65.308,3617
 1993,114025.625,68.591,3617
 1994,114092.492,66.867,3617
 1995,114154.336,61.843,3617
 1996,114219.539,65.202,3617
 1997,114287.563,68.027,3617
 1998,114352.438,64.871,3617
 1999,114417.641,65.206,3617
 2000,114486.109,68.469,3617
 2001,114555.617,69.505,3617
 2002,114614.875,59.265,3617
 2003,114678.086,63.209,3617
 2004,114747.352,69.258,3617
 2005,114809.828,62.485,3617
 2006,114880.594,70.769,3617
 2007,114946.781,66.177,3617
 2008,115008.617,61.833,3617
 2009,115073.906,65.298,3617
 2010,115145.617,71.703,3617
 2011,115211.820,66.208,3617
 2012,115270.695,58.871,3617
 2013,115338.234,67.545,3617
 2014,115409.352,71.116,3617
 2015,115476.508,67.156,3617
 2016,115537.461,60.950,3617
 2017,115608.367,70.908,3617
 2018,115673.289,64.921,3617
 2019,115738.656,65.366,3617
 2020,115805.086,66.432,3617
 2021,115873.969,68.881,3617
 2022,115937.750,63.787,3617
 2023,115997.500,59.745,3617
 2024,116061.234,63.736,3617
 2025,116127.266,66.039,3617
 2026,116193.109,65.837,3617
 2027,116262.664,69.549,3617
 2028,116324.766,62.103,3617
 2029,116389.148,64.384,3617
 2030,116456.883,67.743,3617
 2031,116518.023,61.129,3617
 2032,116584.813,66.798,3617
 2033,116652.609,67.788,3617
 2034,116721.953,69.344,3617
 2035,116784.359,62.409,3617
 2036,116853.867,69.511,3617
 2037,116918.297,64.422,3617
 2038,116988.109,69.822,3617
 2039,117051.734,63.624,3617
 2040,117122.648,70.911,3617
 2041,117189.898,67.253,3617
 2042,117254.234,64.340,3617
 2043,117320.633,66.386,3617
 2044,117383.914,63.291,3617
 2045,117455.492,71.574,3617
 2046,117520.727,65.231,3617
 2047,117587.773,67.053,3617
 2048,117659.250,71.478,3617
 2049,117722.570,63.319,3617
 2050,117793.672,71.094,3617
 2051,117860.141,66.476,3617
 2052,117927.219,67.082,3617
 2053,117995.109,67.886,3617
 2054,118061.484,66.375,3617
 2055,118134.969,73.481,3617
 2056,118198.125,63.159,3617
 2057,118268.633,70.505,3617
 2058,118339.172,70.543,3617
 2059,118407.320,68.143,3617
 2060,118476.234,68.920,3617
 2061,118544.023,67.784,3617
 2062,118615.461,71.445,3617
 2063,118684.469,69.000,3617
 2064,118752.500,68.035,3617
 2065,118817.219,64.723,3617
 2066,118893.070,75.846,3617
 2067,118961.070,67.998,3617
 2068,119033.875,72.812,3617
 2069,119101.141,67.259,3617
 2070,119170.664,69.521,3617
 2071,119239.227,68.568,3617
 2072,119310.945,71.717,3617
 2073,119379.031,68.085,3617
 2074,119451.922,72.896,3617
 2075,119521.336,69.412,3617
 2076,119592.289,70.946,3617
 2077,119658.797,66.512,3617
 2078,119733.461,74.667,3617
 2079,119808.328,74.859,3617
 2080,119879.977,71.652,3617
 2081,119950.953,70.980,3617
 2082,120022.938,71.983,3617
 2083,120097.195,74.264,3617
 2084,120161.852,64.651,3617
 2085,120236.547,74.700,3617
 2086,120302.914,66.369,3617
 2087,120378.008,75.084,3617
 2088,120447.570,69.571,3617
 2089,120519.000,71.420,3617
 2090,120596.453,77.462,3617
 2091,120660.977,64.515,3617
 2092,120737.383,76.409,3617
 2093,120804.336,66.955,3617
 2094,120877.516,73.184,3617
 2095,120948.133,70.615,3617
 2096,121021.758,73.622,3617
 2097,121092.891,71.135,3617
 2098,121162.766,69.872,3617
 2099,121237.016,74.253,3617
 2100,121309.047,72.027,3617
 2101,121380.563,71.525,3617
 2102,121453.352,72.783,3617
 2103,121519.938,66.584,3617
 2104,121586.070,66.135,3617
 2105,121659.836,73.763,3617
 2106,121733.008,73.171,3617
 2107,121799.469,66.462,3617
 2108,121873.836,74.371,3617
 2109,121947.711,73.868,3617
 2110,122017.055,69.348,3617
 2111,122090.305,73.246,3617
 2112,122167.688,77.381,3617
 2113,122236.648,68.960,3617
 2114,122310.336,73.695,3617
 2115,122380.508,70.171,3617
 2116,122452.742,72.235,3617
 2117,122527.273,74.527,3617
 2118,122603.039,75.771,3617
 2119,122679.680,76.636,3617
 2120,122749.461,69.784,3617
 2121,122824.133,74.677,3617
 2122,122900.422,76.286,3617
 2123,122973.867,73.449,3617
 2124,123047.641,73.768,3617
 2125,123119.563,71.928,3617
 2126,123195.438,75.872,3617
 2127,123271.492,76.056,3617
 2128,123340.641,69.144,3617
 2129,123414.281,73.639,3617
 2130,123485.109,70.831,3617
 2131,123562.570,77.463,3617
 2132,123629.695,67.118,3617
 2133,123709.742,80.052,3617
 2134,123779.469,69.725,3617
 2135,123846.523,67.055,3617
 2136,123921.492,74.970,3617
 2137,123993.906,72.418,3617
 2138,124069.430,75.516,3617
 2139,124139.961,70.529,3617
 2140,124217.781,77.828,3617
 2141,124289.211,71.431,3617
 2142,124354.961,65.745,3617
 2143,124430.648,75.682,3617
 2144,124503.828,73.187,3617
 2145,124577.359,73.525,3617
 2146,124647.227,69.878,3617
 2147,124723.547,76.317,3617
 2148,124788.016,64.465,3617
 2149,124856.148,68.137,3617
 2150,124927.266,71.107,3617
 2151,125004.469,77.214,3617
 2152,125072.047,67.572,3617
 2153,125140.750,68.704,3617
 2154,125214.656,73.902,3617
 2155,125290.547,75.895,3617
 2156,125354.070,63.522,3617
 2157,125426.234,72.170,3617
 2158,125500.805,74.567,3617
 2159,125570.313,69.509,3617
 2160,125639.539,69.230,3617
 2161,125709.008,69.461,3617
 2162,125787.234,78.237,3617
 2163,125855.266,68.017,3617
 2164,125925.164,69.909,3617
 2165,125997.656,72.490,3617
 2166,126070.898,73.248,3617
 2167,126140.773,69.866,3617
 2168,126213.367,72.594,3617
 2169,126280.563,67.197,3617
 2170,126354.906,74.349,3617
 2171,126418.773,63.861,3617
 2172,126490.555,71.786,3617
 2173,126560.148,69.592,3617
 2174,126631.695,71.541,3617
 2175,126697.555,65.866,3617
 2176,126768.422,70.861,3617
 2177,126840.641,72.219,3617
 2178,126906.320,65.682,3617
 2179,126972.227,65.909,3617
 2180,127037.813,65.588,3617
 2181,127108.422,70.608,3617
 2182,127169.313,60.883,3617
 2183,127239.984,70.674,3617
 2184,127311.023,71.037,3617
 2185,127380.258,69.238,3617
 2186,127451.133,70.879,3617
 2187,127524.008,72.869,3617
 2188,127590.617,66.611,3617
 2189,127659.398,68.784,3617
 2190,127730.305,70.905,3617
 2191,127804.219,73.917,3617
 2192,127873.563,69.343,3617
 2193,127944.516,70.949,3617
 2194,128012.234,67.723,3617
 2195,128084.453,72.215,3617
 2196,128153.891,69.438,3617
 2197,128227.219,73.332,3617
 2198,128294.805,67.586,3617
 2199,128365.281,70.473,3617
 2200,128434.133,68.852,3617
 2201,128507.195,73.064,3617
 2202,128581.656,74.461,3617
 2203,128649.375,67.713,3617
 2204,128718.555,69.190,3617
 2205,128793.867,75.308,3617
 2206,128863.875,70.009,3617
 2207,128931.133,67.253,3617
 2208,129000.992,69.861,3617
 2209,129074.156,73.166,3617
 2210,129142.875,68.719,3617
 2211,129219.750,76.870,3617
 2212,129288.977,69.224,3617
 2213,129355.094,66.125,3617
 2214,129430.531,75.436,3617
 2215,129505.609,75.070,3617
 2216,129563.078,57.478,3617
 2217,129637.563,74.486,3617
 2218,129698.453,60.886,3617
 2219,129772.047,73.593,3617
 2220,129840.234,68.192,3617
 2221,129911.875,71.642,3617
 2222,129980.852,68.975,3617
 2223,130055.672,74.817,3617
 2224,130118.773,63.107,3617
 2225,130193.703,74.923,3617
 2226,130262.891,69.192,3617
 2227,130334.570,71.679,3617
 2228,130406.328,71.751,3617
 2229,130475.492,69.168,3617
 2230,130545.750,70.257,3617
 2231,130615.133,69.383,3617
 2232,130687.195,72.068,3617
 2233,130757.445,70.248,3617
 2234,130828.469,71.026,3617
 2235,130895.164,66.692,3617
 2236,130967.289,72.122,3617
 2237,131034.703,67.412,3617
 2238,131109.625,74.928,3617
 2239,131172.953,63.330,3617
 2240,131243.125,70.172,3617
 2241,131311.609,68.480,3617
 2242,131375.734,64.122,3617
 2243,131444.469,68.732,3617
 2244,131510.875,66.408,3617
 2245,131582.156,71.287,3617
 2246,131643.688,61.524,3617
 2247,131711.625,67.951,3617
 2248,131775.500,63.862,3617
 2249,131848.484,72.980,3617
 2250,131910.375,61.902,3617
 2251,131977.469,67.094,3617
 2252,132040.719,63.248,3617
 2253,132102.891,62.170,3617
 2254,132173.641,70.745,3617
 2255,132240.797,67.163,3617
 2256,132299.469,58.676,3617
 2257,132369.547,70.067,3617
 2258,132434.938,65.391,3617
 2259,132498.438,63.510,3617
 2260,132559.688,61.243,3617
 2261,132624.125,64.430,3617
 2262,132693.000,68.884,3617
 2263,132754.469,61.468,3617
 2264,132820.609,66.148,3617
 2265,132886.844,66.231,3617
 2266,132950.047,63.200,3617
 2267,133017.359,67.311,3617
 2268,133082.391,65.040,3617
 2269,133147.172,64.781,3617
 2270,133205.859,58.681,3617
 2271,133273.641,67.779,3617
 2272,133340.656,67.029,3617
 2273,133401.609,60.938,3617
 2274,133465.109,63.498,3617
 2275,133532.313,67.205,3617
 2276,133597.500,65.188,3617
 2277,133664.547,67.056,3617
 2278,133729.578,65.020,3617
 2279,133792.109,62.535,3617
 2280,133854.516,62.411,3617
 2281,133915.172,60.660,3617
 2282,133986.234,71.057,3617
 2283,134047.766,61.530,3617
 2284,134111.969,64.213,3617
 2285,134174.781,62.803,3617
 2286,134241.844,67.072,3617
 2287,134311.516,69.653,3617
 2288,134371.391,59.895,3617
 2289,134434.141,62.741,3617
 2290,134500.500,66.368,3617
 2291,134563.875,63.361,3617
 2292,134631.141,67.264,3617
 2293,134692.125,60.991,3617
 2294,134758.125,65.997,3617
 2295,134817.281,59.171,3617
 2296,134878.547,61.261,3617
 2297,134950.891,72.324,3617
 2298,135009.438,58.559,3617
 2299,135072.344,62.905,3617
 2300,135137.234,64.895,3617
 2301,135203.813,66.580,3617
 2302,135266.828,62.998,3617
 2303,135329.875,63.070,3617
 2304,135395.531,65.639,3617
 2305,135457.297,61.772,3617
 2306,135520.625,63.341,3617
 2307,135584.000,63.366,3617
 2308,135649.750,65.749,3617
 2309,135713.609,63.854,3617
 2310,135777.078,63.471,3617
 2311,135840.828,63.743,3617
 2312,135903.656,62.841,3617
 2313,135966.859,63.197,3617
 2314,136028.641,61.786,3617
 2315,136093.891,65.243,3617
 2316,136153.891,60.000,3617
 2317,136218.625,64.749,3617
 2318,136283.688,65.051,3617
 2319,136341.500,57.811,3617
 2320,136406.859,65.364,3617
 2321,136469.375,62.520,3617
 2322,136531.813,62.431,3617
 2323,136594.797,62.972,3617
 2324,136658.656,63.884,3617
 2325,136715.563,56.881,3617
 2326,136784.531,68.977,3617
 2327,136840.141,55.613,3617
 2328,136904.500,64.366,3617
 2329,136966.984,62.475,3617
 2330,137031.078,64.093,3617
 2331,137095.984,64.922,3617
 2332,137160.250,64.254,3617
 2333,137217.234,56.995,3617
 2334,137281.688,64.436,3617
 2335,137341.156,59.477,3617
 2336,137405.719,64.566,3617
 2337,137468.813,63.086,3617
 2338,137534.359,65.549,3617
 2339,137589.797,55.438,3617
 2340,137659.031,69.235,3617
 2341,137720.797,61.758,3617
 2342,137783.406,62.603,3617
 2343,137844.281,60.892,3617
 2344,137906.078,61.786,3617
 2345,137968.688,62.628,3617
 2346,138032.484,63.787,3617
 2347,138092.813,60.313,3617
 2348,138156.578,63.790,3617
 2349,138212.313,55.714,3617
 2350,138280.813,68.509,3617
 2351,138342.047,61.244,3617
 2352,138401.703,59.639,3617
 2353,138468.156,66.451,3617
 2354,138529.859,61.715,3617
 2355,138599.875,70.018,3617
 2356,138656.016,56.146,3617
 2357,138720.031,64.016,3617
 2358,138781.359,61.329,3617
 2359,138845.781,64.407,3617
 2360,138910.797,65.007,3617
 2361,138971.328,60.554,3617
 2362,139038.203,66.855,3617
 2363,139101.594,63.391,3617
 2364,139161.063,59.472,3617
 2365,139227.375,66.333,3617
 2366,139293.266,65.883,3617
 2367,139355.906,62.645,3617
 2368,139418.656,62.752,3617
 2369,139494.922,76.247,3617
 2370,139546.469,51.555,3617
 2371,139610.500,64.030,3617
 2372,139673.281,62.777,3617
 2373,139733.703,60.420,3617
 2374,139798.344,64.650,3617
 2375,139864.625,66.275,3617
 2376,139931.516,66.894,3617
 2377,139990.344,58.820,3617
 2378,140049.750,59.411,3617
 2379,140118.953,69.209,3617
 2380,140180.672,61.713,3617
 2381,140246.938,66.264,3617
 2382,140309.563,62.631,3617
 2383,140375.531,65.967,3617
 2384,140438.219,62.680,3617
 2385,140500.047,61.836,3617
 2386,140562.766,62.710,3617
 2387,140631.422,68.654,3617
 2388,140692.563,61.148,3617
 2389,140755.234,62.672,3617
 2390,140819.375,64.151,3617
 2391,140891.047,71.660,3617
 2392,140950.125,59.076,3617
 2393,141010.500,60.388,3617
 2394,141070.781,60.265,3617
 2395,141134.281,63.511,3617
 2396,141194.797,60.502,3617
 2397,141257.500,62.715,3617
 2398,141323.109,65.609,3617
 2399,141380.531,57.422,3617
 2400,141444.266,63.733,3617
 2401,141507.188,62.930,3617
 2402,141573.500,66.303,3617
 2403,141629.234,55.740,3617
 2404,141697.750,68.514,3617
 2405,141758.469,60.715,3617
 2406,141817.203,58.745,3617
 2407,141878.125,60.910,3617
 2408,141942.984,64.864,3617
 2409,142006.922,63.936,3617
 2410,142067.625,60.697,3617
 2411,142131.953,64.340,3617
 2412,142197.484,65.524,3617
 2413,142260.484,63.004,3617
 2414,142322.172,61.685,3617
 2415,142383.594,61.415,3617
 2416,142451.344,67.765,3617
 2417,142513.500,62.136,3617
 2418,142577.266,63.779,3617
 2419,142643.891,66.631,3617
 2420,142712.625,68.727,3617
 2421,142779.609,66.984,3617
 2422,142845.594,65.985,3617
 2423,142914.594,69.010,3617
 2424,142978.547,63.948,3617
 2425,143046.984,68.432,3617
 2426,143117.797,70.823,3617
 2427,143182.250,64.440,3617
 2428,143248.484,66.244,3617
 2429,143317.172,68.682,3617
 2430,143391.016,73.849,3617
 2431,143457.484,66.454,3617
 2432,143519.938,62.461,3617
 2433,143585.656,65.719,3617
 2434,143650.531,64.885,3617
 2435,143719.141,68.596,3617
 2436,143786.484,67.354,3617
 2437,143853.797,67.310,3617
 2438,143920.594,66.794,3617
 2439,143990.625,70.041,3617
 2440,144057.359,66.725,3617
 2441,144123.797,66.431,3617
 2442,144193.063,69.278,3617
 2443,144261.219,68.156,3617
 2444,144326.969,65.743,3617
 2445,144396.875,69.899,3617
 2446,144465.766,68.900,3617
 2447,144533.625,67.852,3617
 2448,144600.484,66.870,3617
 2449,144670.672,70.182,3617
 2450,144740.938,70.257,3617
 2451,144807.063,66.132,3617
 2452,144874.125,67.066,3617
 2453,144938.547,64.422,3617
 2454,145009.625,71.081,3617
 2455,145077.266,67.646,3617
 2456,145143.172,65.895,3617
 2457,145212.500,69.334,3617
 2458,145279.844,67.340,3617
 2459,145349.000,69.153,3617
 2460,145413.938,64.947,3617
 2461,145484.266,70.321,3617
 2462,145547.766,63.505,3617
 2463,145616.938,69.167,3617
 2464,145683.813,66.882,3617
 2465,145751.125,67.307,3617
 2466,145817.906,66.788,3617
 2467,145889.734,71.816,3617
 2468,145957.391,67.650,3617
 2469,146026.063,68.678,3617
 2470,146087.016,60.957,3617
 2471,146157.391,70.359,3617
 2472,146223.719,66.351,3617
 2473,146294.391,70.660,3617
 2474,146358.375,63.982,3617
 2475,146429.609,71.247,3617
 2476,146500.125,70.498,3617
 2477,146565.625,65.503,3617
 2478,146634.266,68.646,3617
 2479,146702.109,67.840,3617
 2480,146764.766,62.661,3617
 2481,146837.094,72.327,3617
 2482,146906.734,69.645,3617
 2483,146971.844,65.114,3617
 2484,147038.953,67.100,3617
 2485,147103.719,64.772,3617
 2486,147173.531,69.809,3617
 2487,147238.875,65.339,3617
 2488,147308.516,69.651,3617
 2489,147376.313,67.797,3617
 2490,147439.891,63.573,3617
 2491,147510.531,70.648,3617
 2492,147573.578,63.037,3617
 2493,147643.750,70.182,3617
 2494,147708.406,64.644,3617
 2495,147776.344,67.948,3617
 2496,147843.906,67.566,3617
 2497,147909.141,65.225,3617
 2498,147975.359,66.225,3617
 2499,148046.141,70.773,3617
 2500,148112.344,66.205,3617
 2501,148178.688,66.355,3617
 2502,148244.313,65.616,3617
 2503,148310.125,65.799,3617
 2504,148382.078,71.961,3617
 2505,148447.188,65.116,3617
 2506,148513.969,66.778,3617
 2507,148585.000,71.024,3617
 2508,148647.219,62.231,3617
 2509,148715.703,68.484,3617
 2510,148781.063,65.361,3617
 2511,148849.500,68.427,3617
 2512,148913.266,63.780,3617
 2513,148983.016,69.748,3617
 2514,149043.297,60.280,3617
 2515,149114.047,70.735,3617
 2516,149177.266,63.228,3617
 2517,149243.313,66.053,3617
 2518,149314.563,71.252,3617
 2519,149383.516,68.942,3617
 2520,149450.656,67.156,3617
 2521,149518.969,68.297,3617
 2522,149588.094,69.127,3617
 2523,149653.844,65.757,3617
 2524,149718.156,64.298,3617
 2525,149784.094,65.935,3617
 2526,149855.188,71.109,3617
 2527,149917.891,62.696,3617
 2528,149983.391,65.500,3617
 2529,150053.000,69.617,3617
 2530,150120.344,67.333,3617
 2531,150187.203,66.864,3617
 2532,150256.406,69.201,3617
 2533,150320.594,64.196,3617
 2534,150388.922,68.316,3617
 2535,150453.125,64.215,3617
 2536,150520.016,66.894,3617
 2537,150584.063,64.024,3617
 2538,150650.609,66.572,3617
 2539,150714.406,63.780,3617
 2540,150783.016,68.614,3617
 2541,150855.109,72.093,3617
 2542,150917.594,62.478,3617
 2543,150989.359,71.778,3617
 2544,151054.734,65.367,3617
 2545,151117.031,62.293,3617
 2546,151188.859,71.828,3617
 2547,151254.891,66.037,3617
 2548,151324.297,69.408,3617
 2549,151387.531,63.234,3617
 2550,151450.281,62.749,3617
 2551,151520.781,70.492,3617
 2552,151584.484,63.724,3617
 2553,151648.281,63.790,3617
 2554,151717.703,69.420,3617
 2555,151784.672,66.979,3617
 2556,151847.719,63.037,3617
 2557,151914.391,66.664,3617
 2558,151983.891,69.506,3617
 2559,152049.063,65.166,3617
 2560,152113.453,64.398,3617
 2561,152184.453,71.004,3617
 2562,152249.016,64.560,3617
 2563,152313.672,64.646,3617
 2564,152384.734,71.066,3617
 2565,152449.719,64.995,3617
 2566,152518.953,69.221,3617
 2567,152581.859,62.909,3617
 2568,152652.250,70.397,3617
 2569,152717.156,64.906,3617
 2570,152785.172,68.017,3617
 2571,152852.078,66.888,3617
 2572,152917.844,65.777,3617
 2573,152980.984,63.146,3617
 2574,153050.516,69.532,3617
 2575,153116.297,65.783,3617
 2576,153186.438,70.144,3617
 2577,153251.531,65.074,3617
 2578,153310.563,59.050,3617
 2579,153376.063,65.478,3617
 2580,153437.344,61.300,3617
 2581,153500.672,63.332,3617
 2582,153555.750,55.078,3617
 2583,153618.422,62.660,3617
 2584,153680.609,62.203,3617
 2585,153739.625,58.994,3617
 2586,153797.125,57.508,3617
 2587,153858.500,61.374,3617
 2588,153919.938,61.442,3617
 2589,153980.078,60.129,3617
 2590,154037.141,57.079,3617
 2591,154098.828,61.683,3617
 2592,154160.500,61.666,3617
 2593,154221.813,61.315,3617
 2594,154279.141,57.335,3617
 2595,154340.375,61.222,3617
 2596,154397.922,57.558,3617
 2597,154460.719,62.781,3617
 2598,154517.516,56.803,3617
 2599,154578.516,61.007,3617
 2600,154640.656,62.144,3617
 2601,154698.453,57.801,3617
 2602,154755.469,57.003,3617
 2603,154817.344,61.882,3617
 2604,154878.938,61.594,3617
 2605,154935.609,56.661,3617
 2606,154999.813,64.206,3617
 2607,155057.984,58.189,3617
 2608,155121.000,63.004,3617
 2609,155180.547,59.558,3617
 2610,155240.094,59.523,3617
 2611,155301.234,61.160,3617
 2612,155360.578,59.333,3617
 2613,155420.719,60.131,3617
 2614,155483.547,62.831,3617
 2615,155542.266,58.732,3617
 2616,155604.766,62.489,3617
 2617,155664.906,60.139,3617
 2618,155726.844,61.938,3617
 2619,155784.328,57.495,3617
 2620,155848.953,64.614,3617
 2621,155905.281,56.339,3617
 2622,155964.719,59.428,3617
 2623,156028.563,63.860,3617
 2624,156085.734,57.158,3617
 2625,156147.469,61.727,3617
 2626,156205.547,58.093,3617
 2627,156267.156,61.613,3617
 2628,156326.719,59.551,3617
 2629,156386.594,59.893,3617
 2630,156449.813,63.208,3617
 2631,156506.172,56.351,3617
 2632,156570.141,63.972,3617
 2633,156629.813,59.676,3617
 2634,156689.547,59.726,3617
 2635,156753.531,63.989,3617
 2636,156811.563,58.031,3617
 2637,156873.813,62.252,3617
 2638,156932.984,59.177,3617
 2639,156991.813,58.835,3617
 2640,157054.188,62.360,3617
 2641,157111.984,57.806,3617
 2642,157172.078,60.089,3617
 2643,157235.344,63.277,3617
 2644,157297.016,61.655,3617
 2645,157359.625,62.605,3617
 2646,157408.141,48.518,3617
 2647,157472.234,64.100,3617
 2648,157528.719,56.470,3617
 2649,157593.547,64.842,3617
 2650,157648.891,55.349,3617
 2651,157709.156,60.261,3617
 2652,157770.891,61.729,3617
 2653,157827.813,56.925,3617
 2654,157885.141,57.334,3617
 2655,157946.578,61.439,3617
 2656,158005.484,58.895,3617
 2657,158068.766,63.278,3617
 2658,158128.828,60.075,3617
 2659,158188.547,59.713,3617
 2660,158248.047,59.494,3617
 2661,158305.797,57.755,3617
 2662,158366.469,60.687,3617
 2663,158426.781,60.301,3617
 2664,158489.891,63.121,3617
 2665,158548.781,58.875,3617
 2666,158609.672,60.895,3617
 2667,158674.469,64.794,3617
 2668,158734.047,59.574,3617
 2669,158793.188,59.153,3617
 2670,158854.172,60.981,3617
 2671,158914.078,59.893,3617
 2672,158975.344,61.287,3617
 2673,159037.391,62.026,3617
 